%YAML:1.0
img1: !!opencv-matrix
   rows: 1
   cols: 2
   dt: f
   data: [ 3.87387395e-001, 6.12612605e-001 ]
