%YAML:1.0
img1: !!opencv-matrix
   rows: 1
   cols: 2
   dt: f
   data: [ 4.86486495e-001, 5.13513505e-001 ]
