%YAML:1.0
img1: !!opencv-matrix
   rows: 1
   cols: 2
   dt: f
   data: [ 6.02857113e-001, 3.97142857e-001 ]
