%YAML:1.0
img1: !!opencv-matrix
   rows: 1
   cols: 2
   dt: f
   data: [ 6.25000000e-001, 3.75000000e-001 ]
