%YAML:1.0
vocabulary: !!opencv-matrix
   rows: 5
   cols: 128
   dt: f
   data: [ 4.01479378e+001, 2.09782352e+001, 9.23470592e+000,
       1.16932344e+001, 2.00647049e+001, 7.55323505e+000,
       3.91470575e+000, 1.12976465e+001, 1.18576172e+002,
       3.97123528e+001, 7.29911757e+000, 5.47264671e+000,
       6.14970541e+000, 3.41176462e+000, 4.26029396e+000,
       2.67608814e+001, 1.16404999e+002, 2.94058819e+001,
       4.98235273e+000, 3.74529386e+000, 4.26882315e+000,
       3.66382337e+000, 6.28264666e+000, 3.36417618e+001,
       4.34755859e+001, 1.35008821e+001, 4.69029379e+000,
       5.14764690e+000, 7.47441149e+000, 7.22441149e+000,
       7.70411730e+000, 1.81832352e+001, 5.09188232e+001,
       1.96194115e+001, 8.72794056e+000, 1.42452936e+001,
       2.53982334e+001, 1.11008816e+001, 5.53852940e+000,
       1.48091173e+001, 1.36603531e+002, 3.50620575e+001,
       8.15147018e+000, 6.65088224e+000, 7.95735264e+000,
       4.63735294e+000, 5.59323502e+000, 3.53679390e+001,
       1.31565582e+002, 3.18438225e+001, 6.48911762e+000,
       5.65470552e+000, 6.50441170e+000, 5.87941170e+000,
       9.14441109e+000, 3.35661736e+001, 5.47317619e+001,
       1.70552940e+001, 6.68176460e+000, 7.09352922e+000,
       8.94676399e+000, 7.31382322e+000, 7.58352900e+000,
       1.87570572e+001, 5.11879387e+001, 1.55791168e+001,
       6.39882326e+000, 1.18829403e+001, 2.51532345e+001,
       1.29397049e+001, 7.73676443e+000, 1.83926468e+001,
       1.37673233e+002, 3.68444099e+001, 6.11029387e+000,
       5.40235281e+000, 8.17970562e+000, 5.87882328e+000,
       6.61529398e+000, 3.35079384e+001, 1.31325882e+002,
       3.43952942e+001, 9.21588230e+000, 6.96294069e+000,
       6.23852921e+000, 4.73264694e+000, 5.75058794e+000,
       3.05405865e+001, 5.45279388e+001, 1.87529411e+001,
       7.58558798e+000, 7.97470570e+000, 9.07823467e+000,
       6.35588217e+000, 6.20970583e+000, 1.64226456e+001,
       4.04608803e+001, 1.19688234e+001, 4.59205866e+000,
       7.94499969e+000, 2.01523514e+001, 1.15097055e+001,
       7.77588224e+000, 1.92961750e+001, 1.20362350e+002,
       2.88708820e+001, 4.62117624e+000, 3.68147039e+000,
       6.12970543e+000, 4.90235281e+000, 5.83382320e+000,
       3.76944084e+001, 1.16415878e+002, 3.40394096e+001,
       6.26499987e+000, 3.95441151e+000, 4.01529408e+000,
       3.13411760e+000, 4.41705847e+000, 2.85688229e+001,
       4.27252922e+001, 1.81308823e+001, 7.57176447e+000,
       7.67647028e+000, 7.69411755e+000, 4.35088205e+000,
       4.13264704e+000, 1.22958822e+001, 2.89766674e+001,
       1.37077360e+001, 7.61440802e+000, 1.85444126e+001,
       4.19557915e+001, 2.21821518e+001, 9.65452290e+000,
       1.61047878e+001, 3.35542336e+001, 1.70613995e+001,
       1.02722063e+001, 3.16844025e+001, 7.41719208e+001,
       3.00781822e+001, 8.37167358e+000, 1.29979525e+001,
       1.03699959e+002, 3.50053215e+001, 8.48301220e+000,
       1.22472363e+001, 1.73029060e+001, 8.07367992e+000,
       7.21940231e+000, 3.72828484e+001, 5.44162903e+001,
       1.86700764e+001, 6.06917715e+000, 8.77650356e+000,
       1.71281204e+001, 1.35661068e+001, 1.01895208e+001,
       2.65431843e+001, 3.80032730e+001, 1.93945961e+001,
       9.69136238e+000, 2.34600887e+001, 4.88366737e+001,
       2.38080215e+001, 1.04973392e+001, 2.01833801e+001,
       4.15980339e+001, 1.82447796e+001, 1.36049938e+001,
       5.70695839e+001, 1.08852226e+002, 3.55133018e+001,
       6.04420757e+000, 9.69218159e+000, 1.34382309e+002,
       4.65079803e+001, 9.49652004e+000, 1.47859182e+001,
       1.85554638e+001, 7.38763809e+000, 5.71878815e+000,
       3.67654495e+001, 6.51444931e+001, 1.93966427e+001,
       7.62382269e+000, 1.39807606e+001, 2.47744560e+001,
       1.87539902e+001, 1.19918127e+001, 2.67429390e+001,
       3.66004906e+001, 2.09967251e+001, 1.20605812e+001,
       2.76094952e+001, 4.94559937e+001, 2.14662285e+001,
       8.62136650e+000, 1.76315994e+001, 4.27916489e+001,
       1.02161274e+001, 7.52599239e+000, 4.04195633e+001,
       1.08480553e+002, 5.16954536e+001, 1.15759306e+001,
       1.84269333e+001, 1.34746216e+002, 3.65943489e+001,
       5.70077753e+000, 7.74130154e+000, 1.84559956e+001,
       1.36410151e+001, 8.60212803e+000, 4.64019623e+001,
       6.43671722e+001, 2.64731884e+001, 1.25010233e+001,
       1.93724918e+001, 2.55579205e+001, 1.39467859e+001,
       7.40032721e+000, 1.87548084e+001, 2.79631596e+001,
       1.61706905e+001, 1.00581245e+001, 2.44257050e+001,
       4.22861214e+001, 1.78252144e+001, 7.11665964e+000,
       1.27171507e+001, 3.66217766e+001, 1.37101917e+001,
       8.42161274e+000, 2.91686440e+001, 7.22185822e+001,
       3.13286934e+001, 1.04330740e+001, 1.84838314e+001,
       1.07157181e+002, 3.86397858e+001, 7.04748249e+000,
       7.72288132e+000, 1.71743755e+001, 1.18432255e+001,
       8.11174774e+000, 3.46430588e+001, 5.34445343e+001,
       2.62296352e+001, 1.07593117e+001, 1.40188284e+001,
       1.85149403e+001, 8.64060593e+000, 5.63037252e+000,
       1.75771580e+001, 3.28464813e+001, 2.38797531e+001,
       1.56422682e+001, 2.30199623e+001, 3.51031380e+001,
       1.54372625e+001, 7.93044996e+000, 1.44177752e+001,
       7.80210724e+001, 3.64163513e+001, 1.47858047e+001,
       1.62926178e+001, 2.21665077e+001, 1.55026932e+001,
       1.38460073e+001, 3.38000641e+001, 3.54177742e+001,
       2.04832058e+001, 1.38140049e+001, 2.42498417e+001,
       5.21555748e+001, 3.02880230e+001, 1.76698360e+001,
       2.37053223e+001, 3.09046249e+001, 2.13254108e+001,
       1.33865652e+001, 2.00948982e+001, 3.06083641e+001,
       1.75079212e+001, 1.10310516e+001, 1.67403355e+001,
       4.47213249e+001, 2.17636242e+001, 1.66170788e+001,
       3.19133396e+001, 5.15350113e+001, 2.40752525e+001,
       8.16840935e+000, 1.40391321e+001, 1.27452469e+002,
       3.44280739e+001, 8.94787693e+000, 1.14073191e+001,
       2.05217037e+001, 1.79418564e+001, 1.96467037e+001,
       6.03547211e+001, 3.83734169e+001, 1.21270599e+001,
       9.62658405e+000, 3.29421730e+001, 8.86650848e+001,
       6.33859329e+001, 2.92016792e+001, 2.77275028e+001,
       3.83916359e+001, 2.46441689e+001, 1.56009188e+001,
       2.38141632e+001, 3.79228439e+001, 2.21337128e+001,
       1.34572239e+001, 2.16972427e+001, 4.47737656e+001,
       1.44732256e+001, 8.53833961e+000, 2.28776932e+001,
       5.09965134e+001, 3.29272804e+001, 1.67558613e+001,
       2.16305447e+001, 1.27395592e+002, 6.09876404e+001,
       1.97352657e+001, 1.75006332e+001, 2.06714191e+001,
       1.19261723e+001, 9.34315586e+000, 3.43233528e+001,
       3.80744629e+001, 2.79521542e+001, 2.96546249e+001,
       6.30955315e+001, 8.88620071e+001, 3.25649567e+001,
       9.31939125e+000, 1.18558302e+001, 3.85616264e+001,
       2.19450245e+001, 1.37485743e+001, 2.18906841e+001,
       3.75910950e+001, 2.36218319e+001, 1.51749048e+001,
       2.42238598e+001, 3.35044365e+001, 1.44922371e+001,
       7.98970222e+000, 1.46905890e+001, 3.50274086e+001,
       2.41414757e+001, 1.58647022e+001, 2.38574142e+001,
       7.68876724e+001, 3.40267754e+001, 1.39638786e+001,
       1.54096956e+001, 2.33623257e+001, 1.69475594e+001,
       1.47731304e+001, 3.53943291e+001, 3.48116302e+001,
       2.41459122e+001, 1.82262363e+001, 2.97100754e+001,
       5.22072258e+001, 2.44673634e+001, 1.35101395e+001,
       1.98539295e+001, 3.09104881e+001, 1.69196758e+001,
       1.10725603e+001, 1.70354881e+001, 3.01923313e+001,
       2.03637524e+001, 1.28721485e+001, 2.03355503e+001,
       2.57177010e+001, 2.38459625e+001, 2.11416149e+001,
       2.10950298e+001, 2.08664589e+001, 2.01782608e+001,
       1.85919247e+001, 2.22248440e+001, 3.57468948e+001,
       3.48381996e+001, 2.97080746e+001, 2.67683220e+001,
       2.24947205e+001, 2.08763962e+001, 2.11310558e+001,
       2.72344723e+001, 4.45180130e+001, 3.24378891e+001,
       2.37298126e+001, 2.04195652e+001, 1.96683235e+001,
       2.14937878e+001, 2.71058998e+001, 4.01767082e+001,
