%YAML:1.0
vocabulary: !!opencv-matrix
   rows: 2
   cols: 128
   dt: f
   data: [ 3.27086105e+001, 2.66092720e+001, 1.44304638e+001,
       1.90728474e+001, 2.63112583e+001, 9.71523190e+000,
       3.89403963e+000, 9.84768200e+000, 9.34172211e+001,
       4.23841057e+001, 1.34701986e+001, 1.19205294e+001,
       1.40397348e+001, 8.82119179e+000, 8.13245010e+000,
       2.79668865e+001, 4.80860939e+001, 2.39867554e+001,
       1.47682123e+001, 1.82052975e+001, 2.95960274e+001,
       1.87947025e+001, 1.59668875e+001, 2.34304638e+001,
       2.54834442e+001, 1.41655626e+001, 1.46622515e+001,
       1.83245029e+001, 2.19536419e+001, 1.68609276e+001,
       1.08675499e+001, 1.51456957e+001, 4.28278160e+001,
       2.19867554e+001, 1.48609276e+001, 2.17947025e+001,
       3.26026497e+001, 1.85562916e+001, 6.65562916e+000,
       1.39536428e+001, 1.32927155e+002, 3.48609276e+001,
       6.82119226e+000, 7.35099316e+000, 1.18013248e+001,
       9.47682095e+000, 1.48543043e+001, 5.02582779e+001,
       5.91125832e+001, 1.70198669e+001, 1.14701986e+001,
       2.61192055e+001, 4.74569550e+001, 3.71390724e+001,
       2.55231781e+001, 2.80993385e+001, 3.14569530e+001,
       1.74768219e+001, 1.50728474e+001, 2.01258278e+001, 24.,
       1.89205303e+001, 1.58013248e+001, 2.07748337e+001,
       4.37483444e+001, 1.36688738e+001, 6.94039726e+000,
       1.45430460e+001, 3.06026497e+001, 2.30529804e+001,
       1.99337749e+001, 2.16821194e+001, 1.32430466e+002,
       5.02317886e+001, 1.40198679e+001, 9.84105968e+000,
       1.12450333e+001, 8.54304600e+000, 1.29602652e+001,
       3.63642387e+001, 5.72913895e+001, 3.10860920e+001,
       2.51059608e+001, 3.26622505e+001, 4.72582779e+001,
       3.03642387e+001, 1.72781448e+001, 1.72450333e+001,
       3.14503307e+001, 1.79139080e+001, 1.64701996e+001,
       1.71655636e+001, 2.27483444e+001, 2.21655636e+001,
       2.10529804e+001, 2.54304638e+001, 3.20529785e+001,
       9.82119179e+000, 5.47682142e+000, 1.06423845e+001,
       2.43311253e+001, 1.57483444e+001, 2.17748337e+001,
       2.85960274e+001, 8.31324539e+001, 3.07615891e+001,
       1.11655626e+001, 9.55629158e+000, 1.25960264e+001,
       1.10993376e+001, 2.00794697e+001, 4.00397339e+001,
       4.37350998e+001, 2.79602642e+001, 1.81854305e+001,
       1.81920528e+001, 2.78476830e+001, 1.76887417e+001,
       1.72384109e+001, 2.31125832e+001, 2.76953640e+001,
       1.87682114e+001, 1.22715235e+001, 1.64105968e+001,
       2.16688747e+001, 1.63443718e+001, 1.52185431e+001,
       1.76026497e+001, 2.90119057e+001, 1.85416679e+001,
       1.17500000e+001, 2.03095245e+001, 2.62738094e+001,
       1.27440481e+001, 9.91666698e+000, 1.34464293e+001,
       5.24880943e+001, 2.44940472e+001, 1.26666670e+001,
       1.94107151e+001, 3.46845245e+001, 1.75059528e+001,
       1.00297623e+001, 1.80357151e+001, 8.66547623e+001,
       2.72380962e+001, 8.78571415e+000, 8.70833397e+000,
       1.42142859e+001, 1.18214293e+001, 1.55059528e+001,
       4.08988113e+001, 4.03750000e+001, 1.21190481e+001,
       3.24404764e+000, 6.61309528e+000, 2.41428585e+001,
       1.86964283e+001, 1.71964283e+001, 2.78571434e+001,
       3.51666679e+001, 2.41964283e+001, 1.63154774e+001,
       2.21607151e+001, 3.10654774e+001, 1.36607141e+001,
       8.67261887e+000, 1.63511906e+001, 6.80654755e+001,
       2.90833340e+001, 2.56547623e+001, 2.87619057e+001,
       4.71130943e+001, 2.03333340e+001, 8.63095284e+000,
       1.64285717e+001, 1.33113098e+002, 4.32500000e+001,
       1.11785717e+001, 7.43452406e+000, 1.29047623e+001,
       8.91071415e+000, 1.08452387e+001, 4.09285736e+001,
       5.42261925e+001, 1.61904774e+001, 5.80952406e+000,
       9.76190472e+000, 3.18214283e+001, 2.33869057e+001,
       1.88333340e+001, 2.49404774e+001, 3.47857132e+001,
       1.87083340e+001, 1.21964293e+001, 2.03809528e+001,
       3.17916679e+001, 1.52619047e+001, 1.14166670e+001,
       1.97916679e+001, 7.32619095e+001, 1.84583340e+001,
       1.16547623e+001, 2.16845245e+001, 4.52261925e+001,
       2.58333340e+001, 1.79047623e+001, 2.90476189e+001,
       1.35458328e+002, 3.69166679e+001, 8.83928585e+000,
       7.84523821e+000, 1.16666670e+001, 6.84523821e+000,
       9.61904812e+000, 4.48571434e+001, 5.71309547e+001,
       2.37023811e+001, 1.59880953e+001, 2.29821434e+001,
       3.15178585e+001, 1.48571434e+001, 6.57142878e+000,
       1.48630953e+001, 2.53095245e+001, 1.29107141e+001,
       7.64880943e+000, 1.31607141e+001, 2.79821434e+001,
       2.10059528e+001, 1.28690481e+001, 1.37261906e+001,
       5.73511925e+001, 2.20654774e+001, 1.06250000e+001,
       1.24523811e+001, 2.69821434e+001, 1.65535717e+001,
       1.39821434e+001, 2.54464283e+001, 9.47142868e+001,
       4.12619057e+001, 1.57261906e+001, 1.14642859e+001,
       1.11666670e+001, 5.26785707e+000, 9.72619057e+000,
       2.97857151e+001, 4.21845245e+001, 2.75654774e+001,
       1.81785717e+001, 2.11488094e+001, 2.47857151e+001,
       7.56547642e+000, 5.91666698e+000, 1.25119047e+001 ]
