%YAML:1.0
vocabulary: !!opencv-matrix
   rows: 2
   cols: 128
   dt: f
   data: [ 2.33579712e+001, 2.39173927e+001, 2.31000004e+001,
       2.46913052e+001, 2.63043480e+001, 1.19492760e+001,
       9.97391319e+000, 1.23144932e+001, 5.35710182e+001,
       3.44173927e+001, 2.15666676e+001, 2.00144939e+001,
       1.78333340e+001, 1.23333340e+001, 1.94927540e+001,
       2.71159439e+001, 2.94942036e+001, 2.16101456e+001,
       2.00826092e+001, 1.96275368e+001, 2.47000008e+001,
       2.16318855e+001, 2.37449284e+001, 1.99913044e+001,
       2.17608700e+001, 1.97840595e+001, 1.92376823e+001,
       1.80507259e+001, 1.75797100e+001, 1.44318848e+001,
       1.35942030e+001, 1.34608698e+001, 3.92260895e+001,
       2.26362324e+001, 2.33811607e+001, 3.01463776e+001,
       3.43550720e+001, 1.85623188e+001, 8.48405838e+000,
       1.50289860e+001, 1.19981163e+002, 3.87275391e+001,
       1.70811596e+001, 1.51507254e+001, 1.33971024e+001,
       1.50565224e+001, 3.46623192e+001, 6.20231895e+001,
       4.01289864e+001, 1.51463776e+001, 1.64985504e+001,
       3.04057980e+001, 5.83956528e+001, 5.75231895e+001,
       4.87202911e+001, 3.17086964e+001, 2.51115952e+001,
       1.89463768e+001, 2.00666676e+001, 2.23695660e+001,
       2.84492760e+001, 2.62521744e+001, 2.09913044e+001,
       1.93985519e+001, 3.88811607e+001, 1.64246387e+001,
       9.73043537e+000, 1.90971012e+001, 3.43942032e+001,
       3.09855080e+001, 2.37521744e+001, 2.20347843e+001,
       1.20427544e+002, 6.27724648e+001, 3.46449280e+001,
       1.62550735e+001, 1.27637682e+001, 1.32565222e+001,
       1.64449272e+001, 3.91985512e+001, 4.15826111e+001,
       3.05463772e+001, 4.74985542e+001, 5.66565247e+001,
       5.72869568e+001, 3.03043480e+001, 1.77565231e+001,
       1.77855072e+001, 2.52173920e+001, 1.75652180e+001,
       1.90420303e+001, 2.39304352e+001, 2.84202900e+001,
       2.42739143e+001, 2.30449276e+001, 2.26782608e+001,
       2.24971027e+001, 1.21449280e+001, 8.17101479e+000,
       1.20623188e+001, 2.50347843e+001, 2.63376827e+001,
       2.65681171e+001, 2.51898556e+001, 5.49333344e+001,
       2.80159435e+001, 1.74956532e+001, 1.13898554e+001,
       1.62579708e+001, 1.98217392e+001, 2.47275372e+001,
       3.56318855e+001, 3.19840584e+001, 2.14695663e+001,
       2.30884075e+001, 2.33130436e+001, 2.28217392e+001,
       1.87898560e+001, 2.07782612e+001, 2.38550739e+001,
       2.20260868e+001, 1.46159430e+001, 1.37768116e+001,
       1.66101456e+001, 1.80333347e+001, 1.67318840e+001,
       2.03536243e+001, 2.14927540e+001, 2.37463894e+001,
       1.61462097e+001, 1.29034300e+001, 1.97138996e+001,
       2.55478344e+001, 1.52382669e+001, 1.00252705e+001,
       1.06796026e+001, 7.28267136e+001, 3.21940422e+001,
       1.43285198e+001, 1.69873638e+001, 2.30640793e+001,
       1.48167868e+001, 9.80324936e+000, 2.09196758e+001,
       8.81552353e+001, 2.99079418e+001, 1.01895304e+001,
       7.74909735e+000, 1.05261736e+001, 1.09792414e+001,
       1.50324907e+001, 3.88944054e+001, 3.10180511e+001,
       1.27752705e+001, 5.97382689e+000, 6.45758104e+000,
       1.63447647e+001, 1.90126362e+001, 2.09602890e+001,
       2.51543312e+001, 3.06173286e+001, 1.65586643e+001,
       1.36290617e+001, 2.11092052e+001, 3.11453075e+001,
       2.02942238e+001, 1.27057762e+001, 1.53989172e+001,
       8.97400742e+001, 2.91146202e+001, 1.77093868e+001,
       2.62472916e+001, 3.49756317e+001, 2.15568600e+001,
       1.04756317e+001, 2.18916969e+001, 1.30690430e+002,
       3.91922379e+001, 9.83303261e+000, 7.80956697e+000,
       9.04873657e+000, 8.45758152e+000, 1.15072203e+001, 41.,
       4.57463913e+001, 1.51182308e+001, 7.04061365e+000,
       1.07671480e+001, 2.25072193e+001, 2.21642590e+001,
       1.92481956e+001, 2.47084827e+001, 3.13916969e+001,
       1.52048731e+001, 1.22563171e+001, 1.90956669e+001,
       3.20992775e+001, 2.28781586e+001, 1.38258123e+001,
       1.71425991e+001, 8.90866394e+001, 2.16768951e+001,
       1.00839348e+001, 2.03718414e+001, 3.54512634e+001,
       2.78438625e+001, 1.80415154e+001, 2.89675083e+001,
       1.31052353e+002, 4.21371841e+001, 1.14729242e+001,
       7.38176870e+000, 9.01985550e+000, 8.10740089e+000,
       1.03944044e+001, 3.85406151e+001, 4.62888069e+001,
       2.55415154e+001, 1.91435013e+001, 2.00731049e+001,
       2.18808670e+001, 1.24314079e+001, 7.76714802e+000,
       1.48610106e+001, 2.39936829e+001, 1.17084837e+001,
       9.22472954e+000, 1.40415163e+001, 2.50758114e+001,
       1.94611912e+001, 1.20740070e+001, 1.54548731e+001,
       6.94891663e+001, 2.10640793e+001, 9.38628197e+000,
       1.32996387e+001, 2.36444035e+001, 1.77084827e+001,
       1.39936819e+001, 2.98438625e+001, 8.80036087e+001,
       4.04981956e+001, 1.65189533e+001, 9.21299648e+000,
       1.06651621e+001, 7.93231058e+000, 8.60830307e+000,
       2.84855595e+001, 3.24629974e+001, 2.59341145e+001,
       2.20090256e+001, 1.59675093e+001, 1.49296026e+001,
       7.18231058e+000, 6.03429604e+000, 1.22509022e+001 ]
