%YAML:1.0
vocabulary: !!opencv-matrix
   rows: 4
   cols: 128
   dt: f
   data: [ 1.71653328e+001, 1.99813328e+001, 2.24533329e+001,
       1.96106663e+001, 1.20319996e+001, 1.30480003e+001,
       1.54986668e+001, 1.57093334e+001, 3.53600006e+001,
       2.66346664e+001, 2.51733322e+001, 2.10079994e+001,
       1.83199997e+001, 1.93626671e+001, 2.02186661e+001,
       2.43626671e+001, 4.53066673e+001, 1.99920006e+001,
       1.70773335e+001, 1.24399996e+001, 1.53973331e+001,
       2.03439999e+001, 3.75760002e+001, 5.40826645e+001,
       2.06773338e+001, 1.05306664e+001, 9.79466629e+000,
       9.66399956e+000, 1.42959995e+001, 2.61653328e+001,
       4.79893341e+001, 4.02853317e+001, 2.05253334e+001,
       2.11413326e+001, 2.58746662e+001, 2.32080002e+001,
       1.42533331e+001, 1.67840004e+001, 1.78986664e+001,
       1.94720001e+001, 6.72639999e+001, 3.51706657e+001,
       3.42799988e+001, 3.30719986e+001, 2.30746670e+001,
       2.14746666e+001, 1.74640007e+001, 2.38346672e+001,
       1.14805328e+002, 3.94133339e+001, 1.70480003e+001,
       9.78399944e+000, 8.09599972e+000, 1.35813332e+001,
       2.76639996e+001, 6.88399963e+001, 3.56613312e+001,
       1.28533335e+001, 1.15146666e+001, 1.87439995e+001,
       2.87493324e+001, 3.75279999e+001, 4.55173340e+001,
       4.26933327e+001, 1.93039989e+001, 1.99946671e+001,
       2.30053329e+001, 2.22106667e+001, 1.69973335e+001,
       1.92293339e+001, 2.09759998e+001, 1.96079998e+001,
       6.75573349e+001, 2.88106670e+001, 2.12959995e+001,
       2.67866669e+001, 2.21786671e+001, 2.53013325e+001,
       2.98719997e+001, 3.16320000e+001, 1.13165329e+002,
       7.19546661e+001, 3.19946671e+001, 1.37200003e+001,
       7.22933340e+000, 7.94399977e+000, 1.48506660e+001,
       3.77146645e+001, 3.43439980e+001, 4.31173325e+001,
       5.02853317e+001, 4.50639992e+001, 2.76719990e+001,
       1.43306665e+001, 9.50666618e+000, 1.25786667e+001,
       1.38986664e+001, 1.64533329e+001, 1.55520000e+001,
       1.40586662e+001, 1.32346668e+001, 1.78453331e+001,
       1.92880001e+001, 1.56933336e+001, 3.35893326e+001,
       2.86800003e+001, 1.97066669e+001, 1.73306656e+001,
       1.53093328e+001, 1.60160007e+001, 2.28453331e+001,
       2.33519993e+001, 4.32986679e+001, 6.10213318e+001,
       4.26186676e+001, 2.04906673e+001, 1.36373329e+001,
       1.10880003e+001, 1.40053329e+001, 1.60986671e+001,
       1.79279995e+001, 4.16906662e+001, 5.19519997e+001,
       3.12533321e+001, 1.21653328e+001, 7.12266636e+000,
       9.38133335e+000, 1.03333330e+001, 1.82571430e+001,
       1.41309528e+001, 1.26595240e+001, 2.84119053e+001,
       4.28380966e+001, 2.38119049e+001, 1.25095243e+001,
       9.94285774e+000, 4.23119049e+001, 2.78809528e+001,
       1.65166664e+001, 2.89000015e+001, 4.57380981e+001,
       2.32547626e+001, 1.00309525e+001, 1.37309532e+001,
       9.11928635e+001, 3.89523811e+001, 1.21809530e+001,
       1.22023811e+001, 1.53785725e+001, 9.83571434e+000,
       8.18333340e+000, 3.13428593e+001, 4.50023842e+001,
       2.01809540e+001, 7.03333378e+000, 8.09761906e+000,
       2.10428581e+001, 1.59119053e+001, 1.16190481e+001,
       2.33880959e+001, 2.54928589e+001, 1.62595253e+001,
       1.31547623e+001, 2.95404778e+001, 5.09023819e+001,
       3.04309540e+001, 1.54071436e+001, 1.51333342e+001,
       5.43738098e+001, 2.20214291e+001, 1.71333332e+001,
       4.13166695e+001, 6.97428589e+001, 3.69904785e+001,
       1.20166674e+001, 1.36952391e+001, 1.26521431e+002,
       4.46571465e+001, 1.04095240e+001, 1.22476196e+001,
       1.61833344e+001, 1.06809530e+001, 7.94047642e+000,
       3.08404770e+001, 6.07333374e+001, 2.10857143e+001,
       7.50952387e+000, 1.08642864e+001, 2.65642872e+001,
       1.89595242e+001, 1.03952389e+001, 2.19261913e+001,
       2.69000015e+001, 1.40833340e+001, 1.01238098e+001,
       2.58095245e+001, 5.22547646e+001, 3.44047623e+001,
       1.57333336e+001, 1.87119045e+001, 5.23071442e+001,
       1.21738100e+001, 8.45238113e+000, 2.94261913e+001,
       7.15880966e+001, 5.05142860e+001, 1.99380951e+001,
       2.19071445e+001, 1.26738098e+002, 3.14333344e+001,
       6.07380962e+000, 7.84523821e+000, 1.55714293e+001,
       1.40952387e+001, 1.22857151e+001, 4.33595238e+001,
       6.09476204e+001, 2.30547619e+001, 8.29047680e+000,
       1.19976196e+001, 2.61809540e+001, 1.53119049e+001,
       8.13333321e+000, 2.11619053e+001, 1.93047619e+001,
       1.17952385e+001, 1.07428579e+001, 2.09928589e+001,
       4.18190498e+001, 2.76404781e+001, 1.17571430e+001,
       1.39023819e+001, 3.68500023e+001, 1.24238100e+001,
       8.14285755e+000, 2.06047630e+001, 4.88119049e+001,
       3.21809540e+001, 1.57023811e+001, 2.13857155e+001,
       9.13761902e+001, 3.09000015e+001, 6.47380972e+000,
       6.79761934e+000, 1.52880955e+001, 1.26500006e+001,
       1.11642866e+001, 3.62285728e+001, 4.78476219e+001,
       2.42190495e+001, 9.43333340e+000, 9.82142925e+000,
       2.00380955e+001, 9.88095284e+000, 7.73571444e+000,
       1.93238106e+001, 3.67628212e+001, 2.02756424e+001,
       9.97222233e+000, 1.44914541e+001, 2.21923084e+001,
       8.47008610e+000, 4.04059839e+000, 8.79487228e+000,
       1.28715820e+002, 4.50384636e+001, 7.38461590e+000,
       5.38888931e+000, 5.33760691e+000, 2.85683775e+000,
       3.58547020e+000, 2.64636765e+001, 1.02700859e+002,
       2.61388893e+001, 5.47649622e+000, 3.24145317e+000,
       6.67307711e+000, 6.52350473e+000, 6.16025686e+000,
       2.97371807e+001, 2.36431637e+001, 7.83333349e+000,
       4.66453028e+000, 4.21367550e+000, 1.25641031e+001,
       1.42628212e+001, 7.92735100e+000, 1.30106840e+001,
       4.75982933e+001, 1.74615402e+001, 9.49786377e+000,
       1.59038467e+001, 2.91153870e+001, 1.36346159e+001,
       5.39529943e+000, 1.20982914e+001, 1.47017105e+002,
       3.58953018e+001, 8.01495743e+000, 5.63461590e+000,
       7.07051325e+000, 3.61538482e+000, 4.67735052e+000,
       3.36666679e+001, 1.26628212e+002, 2.83290615e+001,
       6.28846169e+000, 5.49145317e+000, 8.34615421e+000,
       6.45085526e+000, 9.20726585e+000, 2.94786339e+001,
       3.25854721e+001, 1.13098297e+001, 6.33547020e+000,
       6.15812016e+000, 1.41688042e+001, 1.37735052e+001,
       8.08333397e+000, 1.22991457e+001, 4.83953018e+001,
       1.41517105e+001, 6.29273558e+000, 1.18824797e+001,
       2.87841892e+001, 1.78290615e+001, 8.51495743e+000,
       1.59337616e+001, 1.46673080e+002, 3.38311996e+001,
       5.39957285e+000, 4.50000000e+000, 7.05982924e+000,
       5.06196594e+000, 6.47222233e+000, 3.57286339e+001,
       1.27993599e+002, 2.96559849e+001, 8.72008610e+000,
       7.16239357e+000, 8.61324787e+000, 4.96794891e+000,
       6.36538506e+000, 2.96089764e+001, 3.43782082e+001,
       1.27029924e+001, 7.27991486e+000, 9.41880417e+000,
       1.40384626e+001, 1.03012829e+001, 8.07264996e+000,
       1.18269234e+001, 3.79508553e+001, 9.85683823e+000,
       3.69871807e+000, 8.28846169e+000, 2.13952999e+001,
       1.58717957e+001, 1.06025648e+001, 2.03226509e+001,
       1.28587616e+002, 2.53482914e+001, 3.36752152e+000,
       2.45726514e+000, 5.33333349e+000, 6.11752176e+000,
       8.69444466e+000, 4.72585487e+001, 1.05613251e+002,
       2.92692318e+001, 6.47863293e+000, 5.46794891e+000,
       6.68162441e+000, 3.25427365e+000, 5.60683775e+000,
       3.06602573e+001, 2.63012829e+001, 1.33397446e+001,
       9.22222233e+000, 1.07307701e+001, 1.26773510e+001,
       7.00000048e+000, 5.79700899e+000, 8.75213718e+000,
       2.07813091e+001, 2.14504681e+001, 2.21158886e+001,
       2.39457951e+001, 2.53588791e+001, 1.17214956e+001,
       9.40747738e+000, 1.14897203e+001, 4.93196259e+001,
       3.11084118e+001, 2.04186916e+001, 1.88672905e+001,
       1.73495331e+001, 1.22654209e+001, 2.02598133e+001,
       2.72915897e+001, 2.74242992e+001, 2.23532715e+001,
       2.06803741e+001, 2.02280388e+001, 2.49532719e+001,
       2.29495335e+001, 2.36056080e+001, 1.78074780e+001,
