%YAML:1.0
vocabulary: !!opencv-matrix
   rows: 2
   cols: 32
   dt: f
   data: [ 1.37164352e+002, 1.29307877e+002, 1.18928238e+002,
       1.61141205e+002, 9.95532379e+001, 1.26266205e+002,
       1.06187500e+002, 1.35518524e+002, 1.32928238e+002,
       1.31041672e+002, 1.62333328e+002, 9.55810165e+001,
       1.45868057e+002, 1.43652786e+002, 9.62268524e+001,
       1.03071762e+002, 1.41925934e+002, 1.61326385e+002,
       1.47321762e+002, 1.21217590e+002, 1.15361115e+002,
       1.25099541e+002, 1.40252319e+002, 1.18418983e+002,
       1.88201385e+002, 190., 1.11293983e+002, 1.05444443e+002,
       1.08793983e+002, 1.19805557e+002, 1.05375000e+002,
       1.01569443e+002, 1.11298347e+002, 1.55154709e+002,
       1.45069061e+002, 1.53994476e+002, 1.75563538e+002,
       1.43767960e+002, 1.89096695e+002, 1.66516586e+002,
       1.27743095e+002, 1.34668518e+002, 1.39389511e+002,
       1.50483429e+002, 1.35787292e+002, 1.61588409e+002,
       1.63919891e+002, 1.27552490e+002, 1.54668518e+002,
       1.34450287e+002, 1.34883987e+002, 1.44080109e+002,
       1.67723770e+002, 1.43011063e+002, 1.28682327e+002,
       2.00411606e+002, 1.01792824e+002, 1.03430946e+002,
       1.61339783e+002, 1.71129837e+002, 1.39292816e+002,
       1.47751389e+002, 1.65997238e+002, 1.83856354e+002 ]
