%YAML:1.0
vocabulary: !!opencv-matrix
   rows: 2
   cols: 128
   dt: f
   data: [ 2.77878799e+001, 1.69015160e+001, 1.31439400e+001,
       2.47727280e+001, 3.37954559e+001, 1.38560610e+001,
       1.13787880e+001, 1.33636370e+001, 3.72348480e+001, 20.,
       1.45151520e+001, 2.49545460e+001, 4.43863640e+001,
       2.16742439e+001, 1.13787880e+001, 1.42727280e+001,
       8.01515198e+001, 2.72803040e+001, 9.31060600e+000,
       1.04318190e+001, 1.67954559e+001, 1.25075760e+001,
       1.56363640e+001, 3.85606079e+001, 4.11818199e+001,
       1.38333340e+001, 4.53787899e+000, 7.31818199e+000,
       2.72954559e+001, 1.87727280e+001, 1.57045460e+001,
       2.82196980e+001, 3.57196999e+001, 2.40833340e+001,
       1.87424240e+001, 2.73106060e+001, 3.84772720e+001,
       1.53106070e+001, 9.05303097e+000, 1.62348480e+001,
       5.35303040e+001, 2.41969700e+001, 2.75151520e+001,
       3.65909119e+001, 61., 2.53333340e+001, 9.39393997e+000,
       1.25681820e+001, 1.28666672e+002, 4.06515160e+001,
       1.17878790e+001, 9.70454597e+000, 1.62424240e+001,
       1.10151520e+001, 1.19166670e+001, 3.95606079e+001,
       5.44469719e+001, 1.64015160e+001, 7.21969700e+000,
       1.12500000e+001, 3.57651520e+001, 2.47045460e+001,
       1.87500000e+001, 2.67045460e+001, 3.55530319e+001, 19.,
       1.35075760e+001, 2.62500000e+001, 3.82878799e+001,
       1.79242420e+001, 1.22651520e+001, 2.02727280e+001,
       6.07196999e+001, 1.45454550e+001, 1.29318190e+001,
       2.74318199e+001, 5.78787880e+001, 3.24545479e+001,
       1.76287880e+001, 2.37575760e+001, 1.32621216e+002,
       3.36893959e+001, 7.86363649e+000, 9.13636398e+000,
       1.35606060e+001, 9.66666698e+000, 1.10075760e+001,
       4.21590919e+001, 5.79318199e+001, 2.23484859e+001,
       1.35378790e+001, 2.24545460e+001, 3.55075760e+001,
       1.86136360e+001, 8.62878799e+000, 1.61969700e+001,
       2.39696980e+001, 1.19772730e+001, 8.24242401e+000,
       1.69924240e+001, 3.41439400e+001, 2.54166679e+001,
       1.48636370e+001, 1.32727280e+001, 4.62045479e+001,
       1.76287880e+001, 9.68181801e+000, 1.47196970e+001,
       3.42272720e+001, 2.05075760e+001, 1.56818190e+001,
       2.29469700e+001, 9.70227280e+001, 3.65833359e+001,
       9.37121201e+000, 1.06515150e+001, 1.27045460e+001,
       6.21212149e+000, 1.09242430e+001, 3.19848499e+001,
       4.29318199e+001, 2.47500000e+001, 1.28863640e+001,
       2.03106060e+001, 2.89090919e+001, 9.13636398e+000,
       7.71212149e+000, 1.47727280e+001, 3.28609619e+001,
       2.62139034e+001, 1.29304819e+001, 1.61604290e+001,
       2.09946537e+001, 9.51336956e+000, 4.02139044e+000,
       1.05989304e+001, 9.63048172e+001, 4.21123009e+001,
       1.20106955e+001, 9.44919777e+000, 1.11657753e+001,
       7.55080223e+000, 7.54545450e+000, 2.87112312e+001,
       6.01016045e+001, 2.45828876e+001, 1.32459898e+001,
       1.51604280e+001, 2.48128338e+001, 1.69679146e+001,
       1.57860966e+001, 2.84438515e+001, 2.77807484e+001,
       1.25614977e+001, 1.15508022e+001, 1.55721931e+001,
       2.01497326e+001, 1.71604290e+001, 1.31390381e+001,
       1.73368988e+001, 4.09625664e+001, 2.24919796e+001,
       1.34278078e+001, 1.82299461e+001, 2.70748672e+001,
       1.64491978e+001, 6.77540112e+000, 1.44973269e+001,
       1.30700531e+002, 3.71978607e+001, 9.13368988e+000,
       5.94652414e+000, 8.79679203e+000, 8.03743362e+000,
       1.31176472e+001, 4.64705887e+001, 7.64973297e+001,
       2.39037437e+001, 1.09839573e+001, 2.09197865e+001,
       3.84491997e+001, 3.02192516e+001, 2.19411774e+001,
       3.15347595e+001, 3.56844940e+001, 1.70802135e+001,
       1.22941179e+001, 1.70802135e+001, 2.27219257e+001,
       1.88502674e+001, 1.64438515e+001, 2.03315506e+001,
       4.14812851e+001, 1.44331551e+001, 7.02673817e+000,
       1.15240641e+001, 2.62459908e+001, 1.96737976e+001,
       1.76951866e+001, 2.09786091e+001, 1.29893051e+002,
       4.68770065e+001, 1.26631021e+001, 8.06417084e+000,
       8.85561562e+000, 7.19786119e+000, 1.41069517e+001,
       3.86898422e+001, 7.43422470e+001, 3.44866333e+001,
       2.26631012e+001, 2.69732628e+001, 3.90695190e+001,
       2.38449211e+001, 1.48235292e+001, 2.44652405e+001,
       3.58288765e+001, 1.99839573e+001, 1.81069527e+001,
       1.86577549e+001, 2.16203213e+001, 1.81069527e+001,
       1.68128338e+001, 2.24545460e+001, 3.17005348e+001,
       1.10748663e+001, 5.47593594e+000, 8.42245960e+000,
       2.06844921e+001, 1.36470594e+001, 1.86524067e+001,
       2.60534763e+001, 8.60374374e+001, 3.22192535e+001,
       1.17272730e+001, 8.51336956e+000, 1.02513371e+001,
       9.35828876e+000, 1.77058830e+001, 3.89946518e+001,
       5.19197884e+001, 3.38235283e+001, 2.21978607e+001,
       1.74705887e+001, 2.35508022e+001, 1.46310167e+001,
       1.49465246e+001, 2.28449211e+001, 2.99572201e+001,
       2.24491978e+001, 1.71443863e+001, 1.79144382e+001,
       1.93582897e+001, 1.35454550e+001, 1.21604280e+001,
       1.50267382e+001 ]
