%YAML:1.0
vocabulary: !!opencv-matrix
   rows: 10
   cols: 128
   dt: f
   data: [ 1.49688892e+001, 1.84711113e+001, 2.44933338e+001,
       2.68533344e+001, 2.23777790e+001, 2.40666676e+001,
       1.97111111e+001, 1.63644447e+001, 4.28844452e+001,
       3.39155579e+001, 2.81422234e+001, 2.63422222e+001,
       2.17733345e+001, 2.21688900e+001, 2.07600002e+001,
       2.04133339e+001, 7.26800003e+001, 3.61111107e+001,
       2.16711121e+001, 1.63377781e+001, 1.28133335e+001,
       1.54044447e+001, 2.27822227e+001, 3.84622231e+001,
       2.63199997e+001, 1.80844440e+001, 14., 1.60355568e+001,
       2.21599998e+001, 2.51599998e+001, 2.66533337e+001,
       2.25377789e+001, 2.18222237e+001, 1.70622234e+001,
       1.92800007e+001, 2.31377792e+001, 2.60044441e+001,
       3.51688881e+001, 3.04533348e+001, 2.46666679e+001,
       5.30266685e+001, 2.71422234e+001, 2.67644444e+001,
       3.26177788e+001, 3.86177788e+001, 4.49377785e+001,
       2.88933334e+001, 2.01422234e+001, 1.23164444e+002,
       4.60844460e+001, 1.57555561e+001, 1.18222227e+001,
       9.86666679e+000, 1.26755562e+001, 2.07066669e+001,
       5.15244446e+001, 3.53244438e+001, 1.72666664e+001,
       1.37022228e+001, 2.67200012e+001, 3.89244461e+001,
       3.55111122e+001, 3.05333347e+001, 2.31377792e+001,
       2.28488903e+001, 1.70088902e+001, 1.51955557e+001,
       1.49155560e+001, 2.23600006e+001, 3.83377800e+001,
       3.75911102e+001, 3.21822243e+001, 3.14622231e+001,
       1.03688889e+001, 1.14577780e+001, 1.86666679e+001,
       3.81555557e+001, 6.59555588e+001, 6.23288918e+001,
       4.25288887e+001, 1.12128891e+002, 4.56266670e+001,
       2.42266674e+001, 1.62399998e+001, 1.15244446e+001,
       1.83022232e+001, 3.07155571e+001, 5.79866676e+001,
       2.77022228e+001, 2.82177792e+001, 3.81866684e+001,
       4.43022232e+001, 3.39822235e+001, 1.47688894e+001,
       1.20222225e+001, 1.54444447e+001, 1.87733345e+001,
       1.83733330e+001, 1.77511120e+001, 1.26444445e+001,
       1.53022223e+001, 3.01777782e+001, 3.02977791e+001,
       2.25688896e+001, 1.82977791e+001, 1.61422234e+001,
       1.92933331e+001, 1.85733337e+001, 2.52577782e+001,
       3.44355545e+001, 3.97955551e+001, 3.24177780e+001,
       2.44755554e+001, 2.35200005e+001, 2.58888893e+001,
       2.64622231e+001, 2.32533340e+001, 2.20444450e+001,
       2.75422230e+001, 2.87066669e+001, 1.37733335e+001,
       1.96133347e+001, 2.88755569e+001, 2.85600014e+001,
       1.71866665e+001, 1.08977785e+001, 1.68177776e+001,
       1.71688900e+001, 1.96831684e+001, 1.09801979e+001,
       8.59405899e+000, 2.79059410e+001, 4.90098991e+001,
       2.57920780e+001, 9.52970314e+000, 7.55940580e+000,
       4.08069305e+001, 1.99900990e+001, 1.15742569e+001,
       2.88712864e+001, 6.04752464e+001, 2.72178211e+001,
       6.39108896e+000, 1.14356432e+001, 1.06004951e+002,
       3.66287117e+001, 7.76732683e+000, 1.06831684e+001,
       1.24801979e+001, 5.77227736e+000, 4.88613844e+000,
       3.19455433e+001, 4.76930695e+001, 1.90792084e+001,
       4.10891104e+000, 4.97029686e+000, 1.57920790e+001,
       1.25742569e+001, 8.48514843e+000, 2.47425747e+001,
       2.85099010e+001, 1.40148516e+001, 8.57425690e+000,
       2.40891094e+001, 5.56584167e+001, 3.10297031e+001,
       1.18118811e+001, 1.42772274e+001, 4.96732674e+001,
       1.56237621e+001, 9.70297050e+000, 3.90693054e+001,
       9.46089096e+001, 4.35792084e+001, 7.63861370e+000,
       1.04801979e+001, 1.38257431e+002, 4.16980209e+001,
       6.17326736e+000, 1.02970295e+001, 1.52524748e+001,
       7.16831684e+000, 4.22772264e+000, 2.89207916e+001,
       6.70099030e+001, 1.95792084e+001, 4.98514843e+000,
       7.13366318e+000, 1.83762379e+001, 1.41039600e+001,
       9.16831684e+000, 2.15297031e+001, 3.00099010e+001,
       1.47326727e+001, 5.23762369e+000, 1.82079201e+001,
       5.75000000e+001, 3.38762360e+001, 1.17772274e+001,
       1.70198021e+001, 4.39603958e+001, 6.68316841e+000,
       3.07425737e+000, 2.76633663e+001, 1.01198021e+002,
       5.72029686e+001, 1.33613863e+001, 1.61980190e+001,
       1.38212875e+002, 3.09851475e+001, 3.48019791e+000,
       5.61386108e+000, 1.60544548e+001, 1.25841579e+001,
       7.99504948e+000, 4.02524757e+001, 6.72673264e+001,
       2.46831684e+001, 6.91089106e+000, 1.03564358e+001,
       1.75544548e+001, 8.99009895e+000, 5.90099001e+000,
       1.91089115e+001, 2.22772274e+001, 1.33316832e+001,
       6.40594053e+000, 1.78663368e+001, 4.66732674e+001,
       2.70099010e+001, 6.80693054e+000, 9.77722740e+000,
       3.26584167e+001, 8.92079163e+000, 4.60891104e+000,
       2.33267326e+001, 6.85891113e+001, 3.52425728e+001,
       9.90594006e+000, 1.37524748e+001, 1.03876236e+002,
       3.10544548e+001, 5.30693054e+000, 5.29702950e+000,
       1.39356432e+001, 1.22821779e+001, 7.81188107e+000,
       3.60891075e+001, 5.19504929e+001, 2.76188107e+001,
       8.58415794e+000, 8.21782207e+000, 1.37871284e+001,
       5.18811893e+000, 4.95049477e+000, 1.89207916e+001,
       4.02491112e+001, 1.82597866e+001, 6.69750881e+000,
       1.10960855e+001, 1.21530247e+001, 4.76512432e+000,
       3.30604982e+000, 8.45195770e+000, 1.48046265e+002,
       4.48362999e+001, 4.14946604e+000, 2.60142350e+000,
       1.95373666e+000, 1.21708179e+000, 2.06761575e+000,
       2.56441288e+001, 1.18145905e+002, 2.64163704e+001,
       3.54448390e+000, 2.05338073e+000, 2.05693960e+000,
       3.10676146e+000, 3.54804277e+000, 2.80498219e+001,
       2.02669029e+001, 5.54092503e+000, 2.41637015e+000,
       3.85053372e+000, 9.96441269e+000, 1.09964409e+001,
       6.43416357e+000, 1.15800714e+001, 5.20569382e+001,
       1.52491102e+001, 5.73665476e+000, 8.76868343e+000,
       1.55871887e+001, 8.51957321e+000, 5.40569401e+000,
       1.24697504e+001, 1.58747330e+002, 3.27295380e+001,
       5.35943079e+000, 2.81138778e+000, 3.75088954e+000,
       2.02846980e+000, 3.48754454e+000, 3.23558731e+001,
       1.42295380e+002, 2.77259789e+001, 4.00711727e+000,
       2.56583619e+000, 2.84697509e+000, 2.78291821e+000,
       6.76156569e+000, 2.82384338e+001, 2.84804268e+001,
       9.03558731e+000, 4.20996428e+000, 4.89679718e+000,
       9.88256264e+000, 8.94661903e+000, 7.22775793e+000,
       1.03060493e+001, 5.20676155e+001, 1.38576508e+001,
       4.72953749e+000, 6.97864771e+000, 1.50711746e+001,
       1.19679718e+001, 7.70106745e+000, 1.49964409e+001,
       1.57352310e+002, 3.03345184e+001, 3.42704630e+000,
       2.75444841e+000, 4.06049824e+000, 2.77935934e+000,
       4.80782938e+000, 3.53380775e+001, 1.44380783e+002,
       2.72455521e+001, 4.35587168e+000, 2.85053372e+000,
       3.05338073e+000, 2.68683267e+000, 4.99288273e+000,
       3.05907478e+001, 2.81886120e+001, 9.28113842e+000,
       5.38434172e+000, 6.39145899e+000, 8.93238449e+000,
       6.02846956e+000, 6.95729542e+000, 1.03807831e+001,
       4.20818520e+001, 8.90747356e+000, 2.91459084e+000,
       4.77224207e+000, 1.13167257e+001, 1.28185053e+001,
       8.75088978e+000, 2.02419930e+001, 1.45380783e+002,
       2.31743774e+001, 1.50177932e+000, 1.13523126e+000,
       2.49110317e+000, 4.45907450e+000, 5.79003572e+000,
       5.01209946e+001, 1.19039146e+002, 2.63060493e+001,
       3.70106769e+000, 2.12455511e+000, 2.16370106e+000,
       2.45195723e+000, 3.93594313e+000, 3.24626350e+001,
       1.97081852e+001, 8.98932362e+000, 7.54092503e+000,
       7.90747309e+000, 8.17081833e+000, 4.80427027e+000,
       4.35587168e+000, 7.35943031e+000, 1.88322582e+001,
       1.35677414e+001, 1.15999994e+001, 4.47935486e+001,
       8.93032227e+001, 2.48129025e+001, 9.04516125e+000,
       7.50322580e+000, 9.39096756e+001, 3.69677429e+001,
       1.28064518e+001, 2.49032249e+001, 2.93290310e+001,
       7.98064518e+000, 6.47741938e+000, 2.54709682e+001,
       5.51935463e+001, 1.98903217e+001, 1.34645157e+001,
       1.56838703e+001, 2.14258060e+001, 1.03483868e+001,
       6.90322590e+000, 2.43290310e+001, 1.81612892e+001,
