%YAML:1.0
reducer: !!opencv-matrix
   rows: 60
   cols: 30
   dt: f
   data: [ 4.47858128e-38, 6.27181015e+01, 1.43305695e+02,
       2.44142857e+01, -2.28214096e+02, 1.28954430e+01, -2.23825455e+02,
       -2.52207733e+02, -1.31216019e+02, 1.59486481e+02, -1.36564835e+02,
       6.10172310e+01, -3.66653595e+02, 2.53530712e+01, 1.11620378e+01,
       1.66351578e+02, 1.89469681e+01, -2.21734482e+02, 3.32166595e+02,
       -1.55906563e+01, -3.71252960e+02, -1.42084839e+02, 9.07256241e+01,
       7.31626816e+01, 1.55839264e+02, -1.40826836e+01, -4.58085785e+01,
       2.81334763e+01, -4.34270515e+01, -1.33350449e+02, 0.,
       -3.58650665e+01, 1.51103640e+01, 2.86983978e+02, -1.50524979e+02,
       -1.24147766e+02, -1.88842941e+02, 1.02285629e+02, -7.36240921e+01,
       7.00808716e+01, 4.57707176e+01, 1.66556034e+01, -1.92421844e+02,
       -1.53379688e+01, -8.85165253e+01, -4.14485817e+01,
       -1.27663216e+02, 8.92500687e+01, 1.97143066e+02, 1.82868176e+01,
       -1.88525803e+02, -1.45087952e+02, 1.72652847e+02, 6.90821686e+01,
       1.33057938e+02, -1.66988174e+02, -9.01816711e+01, -2.47452362e+02,
       -1.46168152e+02, 1.09272751e+02, 4.47858128e-38, 4.29524460e+01,
       5.72861195e+00, -2.11177864e+01, 4.48206711e+01, -4.71623802e+01,
       1.64831886e+01, 3.11488748e+00, -1.19888020e+01, -1.92561436e+01,
       2.40175724e+01, -1.79065380e+01, -2.39726925e+01, 6.06784344e+00,
       -3.05895958e+01, -2.34280949e+01, 1.21943026e+01, 1.71427040e+01,
       -2.95035534e+01, -1.05800390e+00, 2.87582932e+01, -1.71978855e+01,
       1.35395193e+01, -3.83232536e+01, -7.16996789e-01, 7.90271521e+00,
       2.81805363e+01, 3.87217104e-01, -2.65420284e+01, 1.82988892e+01,
       0., 1.82851601e+01, 5.18201180e+01, 1.58769730e+02,
       -6.61899414e+01, -1.85696594e+02, -1.16486580e+02, 1.07307312e+02,
       -7.63566895e+01, 5.70957413e+01, 2.42484989e+01, 4.19869652e+01,
       -2.26030502e+02, -2.78376560e+01, -1.47354568e+02,
       -7.97691040e+01, -1.25987862e+02, 1.04425919e+02, 1.09693947e+02,
       2.62736249e+00, -7.92402573e+01, -1.89213898e+02, 1.66610474e+02,
       1.81397705e+01, 1.19669060e+02, -1.79041519e+02, -8.73106689e+01,
       -2.14797440e+02, -1.39670700e+02, 9.48177719e+01, -1.89974995e+01,
       -6.63167763e+00, -6.51926041e+00, -1.65173492e+01, 1.39176817e+01,
       -1.61988564e+01, 6.76833391e+00, -1.43154173e+01, -4.41088867e+00,
       -1.79538136e+01, -7.38311100e+00, -1.77337036e+01, 1.21868382e+01,
       1.91922340e+01, -2.46867633e+00, 5.96018210e-02, 7.54089403e+00,
       -6.36903191e+00, -1.52130108e+01, 2.40864921e+00, 4.43856192e+00,
       -2.81328964e+00, -5.85249662e+00, -2.19335976e+01,
       -3.12034559e+00, 1.57007084e+01, -2.76926875e-01, 3.57379293e+00,
       -1.37519789e+01, -1.04427357e+01, -6.77555618e+01, 5.99871292e+01,
       -1.34652424e+01, -7.10758438e+01, 6.69835892e+01, 1.36922121e+01,
       6.95960007e+01, 2.49002514e+01, 4.46170378e+00, -2.20741901e+01,
       5.33296432e+01, -5.33130360e+00, 7.28036070e+00, -1.45465221e+01,
       -2.28640900e+01, -3.12937088e+01, 2.09402943e+01, 5.70745773e+01,
       -9.93479233e+01, -1.85991669e+01, 7.43115387e+01, 4.24282455e+01,
       -4.71863842e+00, -1.02571449e+01, -6.90925522e+01, 3.97539177e+01,
       5.44219437e+01, 6.67874680e+01, 6.56798935e+01, 4.68577461e+01,
       -1.17878571e+02, 5.38848419e+01, -1.83963528e+01, -1.27857071e+02,
       1.91772156e+02, -4.28000526e+01, 1.39529602e+02, 6.08918304e+01,
       6.78027878e+01, -3.90055084e+01, -1.14256752e+00, 4.13956672e-01,
       3.09865189e+01, -2.64234085e+01, -3.31516151e+01, -6.54557495e+01,
       1.91492443e+01, 7.01400146e+01, -1.60736053e+02, -2.09897423e+01,
       2.15146378e+02, 4.04402924e+00, -1.78622227e+01, -9.88067245e+01,
       -5.58523254e+01, -4.69746475e+01, 5.73827400e+01, 3.50309982e+01,
       2.00125408e+01, -4.05934668e+00, -1.63596741e+02, -4.55087357e+01,
       -4.01004219e+01, -2.09133652e+02, 9.97554016e+01, 4.76709229e+02,
       2.52732544e+02, -9.92890320e+01, 1.41020294e+02, 3.75768161e+00,
       -4.89332619e+01, 1.33093842e+02, 6.34578552e+02, 5.82343435e+00,
       3.69509125e+02, 1.20246620e+02, 3.06882965e+02, -1.43865219e+02,
       -2.80924927e+02, -4.44571800e+01, 3.11503021e+02, 3.17127930e+02,
       -4.22606812e+02, 1.24417992e+02, -2.58538086e+02, 5.46887146e+02,
       1.22533997e+02, 5.73728027e+02, 3.97174286e+02, -1.26388786e+02,
       2.81110439e+01, 1.27550316e+01, -6.85214567e+00, 2.42186832e+01,
       5.62984133e+00, -5.11540947e+01, -1.08826408e+01, 3.23935318e+01,
       -1.49410772e+01, 3.82819831e-01, 2.90967178e+01, -1.46037502e+01,
       -2.07744484e+01, -8.37811661e+00, -3.97540245e+01,
       -3.25464783e+01, -2.88622684e+01, 6.13410378e+01, -9.37881088e+00,
       5.16032887e+00, 1.22401981e+01, -2.47143459e+01, 2.56026974e+01,
       -1.21995659e+01, 1.02595558e+01, -3.73817978e+01, 8.20418537e-01,
       -5.45173569e+01, -3.50283241e+01, 3.27179298e+01, 2.76460171e+00,
       7.02087021e+01, 1.25311298e+01, -2.19313354e+01, 1.10182678e+02,
       1.52402134e+01, 5.48565140e+01, 5.98129539e+01, 4.16081467e+01,
       -5.08852911e+00, 7.07126236e+00, 7.06364746e+01, 5.02202377e+01,
       -2.38680229e+01, 1.35654392e+01, -4.62709846e+01, 2.30690231e+01,
       3.28183746e+01, -1.00933441e+02, -1.31885920e+01, 1.19752892e+02,
       5.37535820e+01, 1.40135040e+01, -2.21227493e+01, -3.52262154e+01,
       -1.77422733e+01, 6.79467468e+01, 3.79274178e+01, 3.94329491e+01,
       2.92481632e+01, 4.05312252e+00, 7.14713860e+00, -8.92094421e+00,
       4.50085163e+00, 2.24797993e+01, -3.67645340e+01, 1.17509184e+01,
       7.44101095e+00, -2.69458485e+01, -9.36069965e+00, 2.43164482e+01,
       -1.91270256e+01, 1.23581018e+01, 9.09571648e+00, -6.63795567e+00,
       -1.87071133e+01, -8.33163166e+00, 3.90498543e+01, -3.70885048e+01,
       -4.60449696e+00, 3.34332619e+01, -2.94860249e+01, -3.56987333e+00,
       -2.04897881e+01, -1.49998655e+01, 1.52931108e+01, 1.96470511e+00,
       -2.56493340e+01, -2.96677856e+01, 1.86483021e+01, -3.38572845e+01,
       -1.02536339e+02, -9.97501144e+01, -4.27363777e+01, 5.95612640e+01,
       -2.29314283e-01, 1.12812790e+02, 8.30577393e+01, 6.87575455e+01,
       -1.05746498e+02, -8.68598747e+00, -1.14047058e+02, 1.76901291e+02,
       2.85820723e+00, 4.96655643e-01, -4.04445648e+01, -2.93698387e+01,
       7.49570465e+01, -9.83822784e+01, 2.24691830e+01, 9.97003250e+01,
       8.58857803e+01, -4.44571495e+01, -7.59430695e+01, -4.88980255e+01,
       7.08483458e+00, -1.85115871e+01, -1.24546709e+01, -2.20982981e+00,
       -2.92882800e+00, 1.74922760e+02, 9.36984863e+01, 1.33093887e+02,
       2.48636948e+02, -2.16692642e+02, -1.41576019e+02, -2.80277130e+02,
       -6.75512390e+01, -1.40482269e+02, 1.78764816e+02, -2.61234283e+01,
       4.70228729e+01, -4.89255981e+02, 1.39931326e+01, -8.47776718e+01,
       6.96427612e+01, -1.08304443e+02, -9.30214539e+01, 3.58045990e+02,
       2.52646236e+01, -4.33797791e+02, -1.86636963e+02, 2.78786865e+02,
       6.01624107e+01, 2.29323944e+02, -1.54937241e+02, -6.58559647e+01,
       -1.76331680e+02, -1.79031631e+02, 1.42622051e+01, 1.71395981e+02,
       -2.25351524e+01, 5.20342636e+01, 2.31076080e+02, -2.78703796e+02,
       -1.09932800e+02, -2.88115601e+02, -1.11478500e+02,
       -1.43931046e+02, 8.56285553e+01, -3.49579124e+01, -6.86587677e+01,
       -3.88992371e+02, 2.71641064e+01, -6.02489319e+01, 9.01558609e+01,
       -1.47124695e+02, -1.02039009e+02, 3.95864960e+02, 3.36004868e+01,
       -4.36540039e+02, -1.72449997e+02, 1.94232651e+02, 3.54417038e+01,
       2.21594299e+02, -1.85068436e+02, -1.44910095e+02, -2.61628662e+02,
       -2.13944092e+02, -3.18729281e+00, -2.17386093e+01, 5.39805679e+01,
       2.12321925e+00, -1.05445375e+01, 3.73736534e+01, -7.57689514e+01,
       3.16204338e+01, 1.40707245e+01, -3.29855995e+01, -2.82030296e+01,
       6.24602127e+01, -3.86610069e+01, -9.14255905e+01, -9.73267794e-01,
