%YAML:1.0
reducer: !!opencv-matrix
   rows: 60
   cols: 30
   dt: f
   data: [ 8.09430603e+002, -1.21525230e+002, -1.15311356e+002,
       6.13147339e+002, -2.60891052e+002, -1.88040710e+002,
       2.40831413e+001, -8.81026382e+001, -8.41301651e+001,
       1.50384750e+002, -1.20556763e+002, -2.99833717e+001,
       6.62790161e+002, 1.20891052e+002, -1.18737953e+002,
       -2.72878432e+000, -5.39879570e+001, -1.46022354e+002,
       -3.53977631e+002, 3.75309639e+001, -4.86485100e+001,
       -2.06440933e+002, -9.32436905e+001, -2.22564804e+002,
       3.67458710e+002, 5.20708130e+002, -1.10608368e+002,
       6.75240860e+001, 1.76850922e+002, -3.84283257e+001,
       -1.21525230e+002, 1.01263191e+002, 9.65435410e+001,
       -1.21994576e+002, 1.07230331e+002, 1.11344078e+002,
       7.08389664e+001, -5.83260460e+001, 4.61384163e+001,
       -3.06596680e+001, 7.91157150e+001, 7.09514558e-001,
       -1.11000275e+002, 5.12227583e+000, 8.32723236e+001,
       4.15300713e+001, 3.68326111e+001, 3.19954758e+001,
       7.92169876e+001, -1.06691208e+002, 3.12514725e+001,
       7.17307281e+001, 7.36886597e+001, -1.73459530e+001,
       3.41389680e+000, -9.07068634e+001, 7.95643845e+001,
       -5.48331795e+001, -6.07255287e+001, 4.29316559e+001,
       -1.15311356e+002, 9.65435410e+001, 1.32073166e+002,
       -1.05537125e+002, 1.04397072e+002, 1.14597717e+002,
       1.11296883e+002, -2.74197311e+001, 4.05939484e+001,
       -3.12014523e+001, 4.90645752e+001, -6.10559416e+000,
       -1.34661804e+002, 1.46766157e+001, 8.01832047e+001,
       4.00547447e+001, 2.92123928e+001, 2.44186459e+001,
       7.08495560e+001, -9.81297379e+001, 3.74968185e+001,
       6.98978882e+001, 6.29545746e+001, -1.95429206e+000,
       -2.78042889e+001, -9.38858032e+001, 4.85680313e+001,
       -3.26292915e+001, -4.97324715e+001, 5.82663689e+001,
       6.13147339e+002, -1.21994576e+002, -1.05537125e+002,
       6.59624939e+002, -2.33153610e+002, -1.68576416e+002,
       -3.74977341e+001, 7.74123764e+001, -8.46685104e+001,
       2.49887390e+002, -1.47750748e+002, 1.66113071e+001,
       4.04436737e+002, 1.58755524e+002, -1.25517929e+002,
       1.14916620e+001, -5.05488853e+001, -1.29151016e+002,
       -3.23786407e+002, 9.52632675e+001, -5.61181145e+001,
       -1.38303528e+002, -9.12147903e+001, -1.54606262e+002,
       2.57393097e+002, 4.19019318e+002, -1.10736252e+002,
       1.11144341e+002, 2.08933838e+002, -6.35824699e+001,
       -2.60891052e+002, 1.07230331e+002, 1.04397072e+002,
       -2.33153610e+002, 2.22698746e+002, 1.47740540e+002,
       6.44258575e+001, -7.90440292e+001, 7.42790070e+001,
       -1.02081650e+002, 1.64085358e+002, -3.01475983e+001,
       -2.19889786e+002, -2.30633144e+001, 1.04760422e+002,
       3.25636635e+001, 3.38391647e+001, 6.53705597e+001,
       1.49059433e+002, -5.46686287e+001, 3.73157463e+001,
       1.09145012e+002, 9.59444199e+001, -1.33283162e+000,
       -8.03499908e+001, -2.14963181e+002, 1.14089455e+002,
       -9.45228271e+001, -1.32806808e+002, 5.19991684e+001,
       -1.88040710e+002, 1.11344078e+002, 1.14597717e+002,
       -1.68576416e+002, 1.47740540e+002, 1.83898849e+002,
       8.59290390e+001, -9.43681183e+001, 5.26663742e+001,
       -8.86070404e+001, 7.64824448e+001, -9.46894836e+000,
       -1.64716644e+002, 2.21926517e+001, 8.85381241e+001,
       9.47904434e+001, 3.80800362e+001, 3.52774544e+001,
       1.27236458e+002, -1.64872559e+002, 4.19584579e+001,
       7.87454605e+001, 9.79525375e+001, -1.74482327e+001,
       -2.54457111e+001, -1.19220856e+002, 9.42266922e+001,
       -8.17904358e+001, -9.04234924e+001, 5.12256088e+001,
       2.40831413e+001, 7.08389664e+001, 1.11296883e+002,
       -3.74977341e+001, 6.44258575e+001, 8.59290390e+001,
       1.76754959e+002, -1.06706192e+002, 2.88455887e+001,
       -1.02053207e+002, 4.68862190e+001, -4.63126678e+001,
       1.97877808e+001, 9.76101589e+000, 6.02918053e+001,
       4.80885811e+001, 1.51262884e+001, 3.49041710e+001,
       2.77948246e+001, -1.07150780e+002, 4.27079506e+001,
       1.95926323e+001, 4.97858200e+001, -5.20961990e+001,
       1.24146748e+001, -2.30963879e+001, 4.63772888e+001,
       -2.43119793e+001, -7.30312271e+001, 8.06150970e+001,
       -8.81026382e+001, -5.83260460e+001, -2.74197311e+001,
       7.74123764e+001, -7.90440292e+001, -9.43681183e+001,
       -1.06706192e+002, 5.05661377e+002, -5.12934799e+001,
       2.67695068e+002, -1.32715179e+002, 9.47890930e+001,
       -2.67558228e+002, -5.44190598e+001, -5.54865990e+001,
       -1.35180588e+002, -1.96089401e+001, -4.74200020e+001,
       -3.91993675e+001, 3.11246460e+002, -2.57360535e+001,
       1.73662834e+001, -7.94431610e+001, 2.10034454e+002,
       -2.39716034e+002, -1.42586349e+002, -9.88067474e+001,
       2.18060989e+002, 7.77441711e+001, -5.07705841e+001,
       -8.41301651e+001, 4.61384163e+001, 4.05939484e+001,
       -8.46685104e+001, 7.42790070e+001, 5.26663742e+001,
       2.88455887e+001, -5.12934799e+001, 6.31989479e+001,
       -4.04568367e+001, 7.31125717e+001, -4.77811766e+000,
       -4.50037346e+001, -3.04313927e+001, 5.72759399e+001,
       7.12954998e+000, 1.65127048e+001, 3.64493904e+001,
       5.91749687e+001, -4.56634865e+001, 7.68202925e+000,
       3.51167259e+001, 2.38882942e+001, -5.26066303e+000,
       -2.19662285e+001, -7.33074188e+001, 5.77715721e+001,
       -1.84998627e+001, -6.12688103e+001, 2.20560303e+001,
       1.50384750e+002, -3.06596680e+001, -3.12014523e+001,
       2.49887390e+002, -1.02081650e+002, -8.86070404e+001,
       -1.02053207e+002, 2.67695068e+002, -4.04568367e+001,
       3.92106628e+002, -7.90693283e+001, 1.32134903e+002,
       -4.33842583e+001, -7.39242268e+000, -3.42395554e+001,
       -1.12853798e+002, 7.09021235e+000, -6.31035004e+001,
       -1.21778725e+002, 2.66575348e+002, -4.30226135e+001,
       2.16695728e+001, -4.20552597e+001, 4.48703957e+001,
       -2.73874683e+001, 2.58173923e+001, -8.52062378e+001,
       7.83894577e+001, 1.00168610e+002, -7.32633972e+001,
       -1.20556763e+002, 7.91157150e+001, 4.90645752e+001,
       -1.47750748e+002, 1.64085358e+002, 7.64824448e+001,
       4.68862190e+001, -1.32715179e+002, 7.31125717e+001,
       -7.90693283e+001, 2.81114349e+002, -1.57933931e+001,
       -4.42176056e+001, -8.19618378e+001, 9.05197296e+001,
       -2.64808998e+001, 2.78975830e+001, 6.52136307e+001,
       7.41924973e+001, 3.87352600e+001, 7.68491173e+000,
       6.25025940e+001, 5.79876099e+001, -5.16178513e+001,
       -3.25025024e+001, -1.65613556e+002, 1.39460175e+002,
       -5.28432274e+001, -1.61263153e+002, 3.06750240e+001,
       -2.99833717e+001, 7.09514558e-001, -6.10559416e+000,
       1.66113071e+001, -3.01475983e+001, -9.46894836e+000,
       -4.63126678e+001, 9.47890930e+001, -4.77811766e+000,
       1.32134903e+002, -1.57933931e+001, 1.08253998e+002,
       -8.00427246e+001, -6.90988235e+001, 2.62915134e+000,
       -5.70516434e+001, 1.70172920e+001, 4.84847069e+000,
       1.13538694e+001, 9.15888062e+001, -1.67514572e+001,
       5.44470739e+000, -8.47638607e+000, 4.02485123e+001,
       -9.73721924e+001, -6.09931984e+001, -2.07972336e+001,
       7.14233828e+000, 4.53164673e+000, -3.48109436e+001,
       6.62790161e+002, -1.11000275e+002, -1.34661804e+002,
       4.04436737e+002, -2.19889786e+002, -1.64716644e+002,
       1.97877808e+001, -2.67558228e+002, -4.50037346e+001,
       -4.33842583e+001, -4.42176056e+001, -8.00427246e+001,
       8.92378906e+002, 1.08093529e+002, -1.04893723e+002,
       3.35040703e+001, -5.18450775e+001, -1.31772781e+002,
       -3.36518311e+002, -2.01116776e+002, -4.78460884e+001,
       -2.76914001e+002, -9.97359085e+001, -2.36747910e+002,
       4.91848969e+002, 6.47097534e+002, -5.92277870e+001,
       2.83436584e+001, 1.84683884e+002, -6.31879759e+000,
       1.20891052e+002, 5.12227583e+000, 1.46766157e+001,
       1.58755524e+002, -2.30633144e+001, 2.21926517e+001,
       9.76101589e+000, -5.44190598e+001, -3.04313927e+001,
