%YAML:1.0
reducer: !!opencv-matrix
   rows: 60
   cols: 30
   dt: f
   data: [ 0., 0., 0., 2.14398665e-042, 5.71729773e-042, 1.07199333e-041,
       1.71518932e-041, 2.50131776e-041, 3.43037864e-041,
       4.34108251e-041, 5.30111209e-041, 6.34578010e-041,
       7.70349818e-041, 9.23904103e-041, 1.08426870e-040,
       1.23095662e-040, 1.37282408e-040, 0., 0., 0., 0., 0., 0., 0., 0.,
       0., 0., 0., 0., 0., -6.32923242e+003, 0., 7.14662217e-043,
       3.21597998e-042, 7.14662217e-042, 1.25065888e-041,
       1.92958799e-041, 2.75144953e-041, 3.64772003e-041,
       4.56262780e-041, 5.53050465e-041, 6.68923835e-041,
       8.13229551e-041, 9.69418278e-041, 1.12670002e-040,
       1.26544258e-040, 1.41194833e-040, 0., 0., 0., 0., 0., 0., 0., 0.,
       0., 0., 0., 0., 0., 0., 0., 1.42932443e-042, 4.28797330e-042,
       8.57594660e-042, 1.42932443e-041, 2.14398665e-041,
       3.00158131e-041, 3.85090831e-041, 4.77268244e-041,
       5.77306941e-041, 7.08230257e-041, 8.56109284e-041,
       1.01480633e-040, 1.16047131e-040, 1.30100753e-040,
       1.45105857e-040, 0., 0., 0., 0., 0., 0., 0., 0., 0., 0., 0., 0.,
       0., 0., 3.57331108e-043, 2.14398665e-042, 5.35996663e-042,
       1.00052710e-041, 1.60798999e-041, 2.35838532e-041,
       3.19313881e-041, 4.04751048e-041, 4.97979435e-041,
       6.09102403e-041, 7.47536679e-041, 8.98989017e-041,
       1.05506564e-040, 1.19282729e-040, 1.33783366e-040,
       1.48782864e-040, 0., 0., 0., 0., 0., 0., 0., 0., 0., 0., 0., 0.,
       0., 0., 7.14662217e-043, 2.85864887e-042, 6.43195995e-042,
       1.14345955e-041, 1.78665554e-041, 2.57278398e-041,
       3.37110372e-041, 4.23430357e-041, 5.19909756e-041,
       6.44835514e-041, 7.86843101e-041, 9.41868750e-041,
       1.08666492e-040, 1.22619221e-040, 1.37456169e-040,
       1.52213243e-040, 0., 0., 0., 0., 0., 0., 0., 0., 0., 0., 0., 0.,
       0., 0., 1.07199333e-042, 3.57331108e-042, 7.50395328e-042,
       1.28639199e-041, 1.96532110e-041, 2.73855759e-041,
       3.54346343e-041, 4.41857432e-041, 5.49070777e-041,
       6.80568625e-041, 8.26149523e-041, 9.79801899e-041,
       1.11682086e-040, 1.26066415e-040, 1.40907567e-040,
       1.55493683e-040, 0., 0., 0., 0., 0., 0., 0., 0., 0., 0., 0., 0.,
       0., 0., 1.42932443e-042, 4.28797330e-042, 8.57594660e-042,
       1.42932443e-041, 2.14398665e-041, 2.89115899e-041,
       3.70685483e-041, 4.61293441e-041, 5.81230577e-041,
       7.16301736e-041, 8.65455945e-041, 1.00915910e-040,
       1.14787364e-040, 1.29498195e-040, 1.44124948e-040,
       1.58618578e-040, 0., 0., 0., 0., 0., 0., 0., 0., 0., 0., 0., 0.,
       0., 0., 1.78665554e-042, 5.00263552e-042, 9.64793993e-042,
       1.57225688e-041, 2.28341585e-041, 3.03913611e-041,
       3.86702324e-041, 4.86881151e-041, 6.13390377e-041,
       7.52034847e-041, 9.00894783e-041, 1.03708698e-040,
       1.17993535e-040, 1.32723984e-040, 1.47203601e-040,
       1.61519266e-040, 0., 0., 0., 0., 0., 0., 0., 0., 0., 0., 0., 0.,
       0., 0., 2.14398665e-042, 5.71729773e-042, 1.07199333e-041,
       1.71518932e-041, 2.41023336e-041, 3.17898570e-041,
       4.03573958e-041, 5.15467640e-041, 6.45550177e-041,
       7.87767958e-041, 9.27981882e-041, 1.06581360e-040,
       1.21185692e-040, 1.35726967e-040, 1.50135117e-040,
       1.64045807e-040, 0., 0., 0., 0., 0., 0., 0., 0., 0., 0., 0., 0.,
       0., 0., 2.50131776e-042, 6.43195995e-042, 1.17919266e-041,
       1.81888541e-041, 2.53326736e-041, 3.31575243e-041,
       4.25588357e-041, 5.44054129e-041, 6.77709976e-041,
       8.20642420e-041, 9.53639657e-041, 1.09543705e-040,
       1.24188675e-040, 1.38602431e-040, 1.52857840e-040,
       1.66349542e-040, 0., 0., 0., 0., 0., 0., 0., 0., 0., 0., 0., 0.,
       0., 0., 2.85864887e-042, 7.14662217e-042, 1.28639199e-041,
       1.91977890e-041, 2.64957514e-041, 3.45952565e-041,
       4.50601534e-041, 5.72640617e-041, 7.09869776e-041,
       8.45347312e-041, 9.80012094e-041, 1.12497642e-040,
       1.26980062e-040, 1.41340568e-040, 1.55228837e-040,
       1.68642066e-040, 0., 0., 0., 0., 0., 0., 0., 0., 0., 0., 0., 0.,
       0., 0., 3.21597998e-042, 7.86128438e-042, 1.36374367e-041,
       2.01772966e-041, 2.76392109e-041, 3.64393653e-041,
       4.75614712e-041, 6.01227106e-041, 7.40151836e-041,
       8.68720970e-041, 1.00722531e-040, 1.15280621e-040,
       1.29653739e-040, 1.43886728e-040, 1.57399449e-040,
       1.70895354e-040, 0., 0., 0., 0., 0., 0., 0., 0., 0., 0., 0., 0.,
       0., 0., 3.57331108e-042, 8.57594660e-042, 1.43871313e-041,
       2.11091601e-041, 2.88443276e-041, 3.85833519e-041,
       5.00627889e-041, 6.29813595e-041, 7.62404455e-041,
       8.92739226e-041, 1.03442451e-040, 1.17861813e-040,
       1.32198497e-040, 1.46113391e-040, 1.59564455e-040,
       1.73257943e-040, 0., 0., 0., 0., 0., 0., 0., 0., 0., 0., 0., 0.,
       0., 0., 3.93064219e-042, 9.08601924e-042, 1.51172078e-041,
       2.20326158e-041, 3.04319987e-041, 4.07273386e-041,
       5.25641067e-041, 6.56522344e-041, 7.83465971e-041,
       9.17528195e-041, 1.06006828e-040, 1.20333703e-040,
       1.34566692e-040, 1.48139668e-040, 1.61673409e-040,
       1.75640151e-040, 0., 0., 0., 0., 0., 0., 0., 0., 0., 0., 0., 0.,
       0., 0., 4.28797330e-042, 9.58488150e-042, 1.58150545e-041,
       2.30107221e-041, 3.22186543e-041, 4.28713252e-041,
       5.50654245e-041, 6.76280652e-041, 8.05102020e-041,
       9.42289139e-041, 1.08376423e-040, 1.22685082e-040,
       1.36626600e-040, 1.50160341e-040, 1.63891664e-040,
       1.78019556e-040, 0., 0., 0., 0., 0., 0., 0., 0., 0., 0., 0., 0.,
       0., 0., 4.54160832e-042, 1.00697308e-041, 1.65114998e-041,
       2.43391530e-041, 3.40053098e-041, 4.50153119e-041,
       5.74728552e-041, 6.94973973e-041, 8.27396678e-041,
       9.65606746e-041, 1.10643724e-040, 1.24875311e-040,
       1.38497334e-040, 1.52136172e-040, 1.66129538e-040,
       1.80379342e-040, 0., 0., 0., 0., 0., 0., 0., 0., 0., 0., 0., 0.,
       0., 0., 4.79103945e-042, 1.05293567e-041, 1.72485828e-041,
       2.57684775e-041, 3.57919654e-041, 4.71592985e-041,
       5.92020575e-041, 7.14143736e-041, 8.49635285e-041,
       9.87158716e-041, 1.12801724e-040, 1.26779676e-040,
       1.40356857e-040, 1.54198883e-040, 1.68389833e-040,
       1.82649446e-040, 0., 0., 0., 0., 0., 0., 0., 0., 0., 0., 0., 0.,
       0., 0., 5.03486538e-042, 1.09875813e-041, 1.82196826e-041,
       2.71978019e-041, 3.75786209e-041, 4.92093982e-041,
       6.08317676e-041, 7.33888032e-041, 8.70584697e-041,
       1.00778583e-040, 1.14813988e-040, 1.28517286e-040,
       1.42188354e-040, 1.56281213e-040, 1.70622101e-040,
       1.84834070e-040, 0., 0., 0., 0., 0., 0., 0., 0., 0., 0., 0., 0.,
       0., 0., 5.26467833e-042, 1.14696279e-041, 1.92916760e-041,
       2.86271263e-041, 3.93652765e-041, 5.06947745e-041,
       6.25007141e-041, 7.53618314e-041, 8.89992681e-041,
       1.02741802e-040, 1.16557204e-040, 1.30232475e-040,
       1.44095521e-040, 1.58374752e-040, 1.72781502e-040,
       1.86690791e-040, 0., 0., 0., 0., 0., 0., 0., 0., 0., 0., 0., 0.,
       0., 0., 5.48888608e-042, 1.20833967e-041, 2.03636693e-041,
       3.00564508e-041, 4.10580450e-041, 5.20918691e-041,
       6.42243112e-041, 7.72227558e-041, 9.08573898e-041,
       1.04574700e-040, 1.18139270e-040, 1.31908428e-040,
       1.46011096e-040, 1.60462687e-040, 1.74862430e-040,
       1.88177568e-040, 0., 0., 0., 0., 0., 0., 0., 0., 0., 0., 0., 0.,
       0., 0., 5.72290293e-042, 1.27980589e-041, 2.14356626e-041,
       3.14857752e-041, 4.22995954e-041, 5.35183909e-041,
       6.59521122e-041, 7.89477542e-041, 9.26258285e-041,
       1.06151161e-040, 1.19721336e-040, 1.33660051e-040,
       1.47949092e-040, 1.62488965e-040, 1.76625264e-040,
       1.89234147e-040, 0., 0., 0., 0., 0., 0., 0., 0., 0., 0., 0., 0.,
       0., 0., 5.97934055e-042, 1.35127211e-041, 2.25076559e-041,
       3.28212126e-041, 4.34654758e-041, 5.49967608e-041,
       6.75874275e-041, 8.05998851e-041, 9.42779594e-041,
