%YAML:1.0
reducer: !!opencv-matrix
   rows: 40
   cols: 30
   dt: f
   data: [ 7.62276489e+002, -9.49187088e+001, -9.74967880e+001,
       5.65888245e+002, -2.15413651e+002, -1.44247131e+002,
       3.97310181e+001, -1.44749619e+002, -5.97051048e+001,
       -8.90776443e+001, 9.97271194e+001, -4.87260132e+001,
       1.39179413e+002, 6.37685669e+002, -8.86216431e+001,
       3.06043510e+001, -4.60538635e+001, -1.19053261e+002,
       -3.15369080e+002, -1.44694166e+001, -4.09281502e+001,
       -1.79871597e+002, -2.43361511e+002, -6.75138474e+001,
       3.84217896e+002, -6.59010391e+001, 3.78849907e+001,
       1.31310608e+002, 4.84603241e+002, -2.68509026e+001,
       -9.49187088e+001, 5.81863823e+001, 5.08242760e+001,
       -9.20137100e+001, 8.03004074e+001, 6.02599678e+001,
       3.01499195e+001, -2.34497719e+001, 3.31419182e+001,
       6.80380859e+001, -2.18485069e+001, -5.83715582e+000,
       1.94363928e+000, -7.89081955e+001, 5.22185211e+001,
       1.65857811e+001, 1.53963909e+001, 2.24470482e+001,
       5.34703445e+001, -5.61131592e+001, 1.85232468e+001,
       5.41388474e+001, -4.84123564e+000, 3.73971634e+001,
       3.22492576e+000, 4.95003777e+001, -2.57219391e+001,
       -3.50356483e+001, -6.94081421e+001, 2.85771408e+001,
       -9.74967880e+001, 5.08242760e+001, 7.59435654e+001,
       -7.30143356e+001, 7.51808548e+001, 6.45947723e+001,
       5.58667679e+001, 8.86284924e+000, 2.48279152e+001,
       3.71423492e+001, -2.15825958e+001, -1.27277536e+001,
       1.64577579e+001, -1.10018967e+002, 4.44324989e+001,
       2.14221497e+001, 1.01899319e+001, 1.76221180e+001,
       4.57242355e+001, -5.16703033e+001, 2.17483730e+001,
       5.15226097e+001, 1.06596966e+001, 2.99488678e+001,
       -2.56833115e+001, 2.77441196e+001, -6.30207872e+000,
       -2.29104080e+001, -7.24096146e+001, 3.69587212e+001,
       5.65888245e+002, -9.20137100e+001, -7.30143356e+001,
       6.09771790e+002, -1.99280640e+002, -1.25011971e+002,
       -8.04672623e+000, 4.45437355e+001, -6.51220093e+001,
       -1.37053391e+002, 2.16675858e+002, 3.52504134e+000,
       1.79524536e+002, 3.62544891e+002, -9.50355072e+001,
       3.38655128e+001, -3.62797699e+001, -1.12651627e+002,
       -3.02006561e+002, 5.41005478e+001, -5.04997711e+001,
       -1.21186592e+002, -1.45318253e+002, -6.68049088e+001,
       2.60046326e+002, -8.43708649e+001, 9.78517838e+001,
       1.85753586e+002, 3.89938507e+002, -5.15774536e+001,
       -2.15413651e+002, 8.03004074e+001, 7.51808548e+001,
       -1.99280640e+002, 1.85169296e+002, 1.10377815e+002,
       4.13256760e+001, -5.36592369e+001, 6.02967567e+001,
       1.49171783e+002, -7.10846100e+001, -1.56562243e+001,
       -4.26786118e+001, -1.79454636e+002, 8.04964752e+001,
       -3.48993516e+000, 3.07049255e+001, 4.86977158e+001,
       1.10522087e+002, 3.22845936e+000, 2.54366741e+001,
       7.16523743e+001, 1.45681753e+001, 7.83369675e+001,
       -9.88447189e+001, 8.74607086e+001, -8.06066666e+001,
       -1.09340027e+002, -1.88609573e+002, 3.77537651e+001,
       -1.44247131e+002, 6.02599678e+001, 6.45947723e+001,
       -1.25011971e+002, 1.10377815e+002, 1.14985413e+002,
       4.47425995e+001, -4.89764633e+001, 3.77406616e+001,
       6.40436020e+001, -7.06649857e+001, -1.77330818e+001,
       6.53898335e+000, -1.20348640e+002, 5.14410095e+001,
       5.32306938e+001, 1.43547659e+001, 1.89037113e+001,
       8.71581650e+001, -8.39897385e+001, 2.58633900e+001,
       4.94497375e+001, 4.42371225e+000, 5.31863136e+001,
       -3.52108040e+001, 5.70595245e+001, -3.30820007e+001,
       -6.46277542e+001, -9.21205902e+001, 3.43771667e+001,
       3.97310181e+001, 3.01499195e+001, 5.58667679e+001,
       -8.04672623e+000, 4.13256760e+001, 4.47425995e+001,
       1.23771225e+002, -9.03352203e+001, 1.45725822e+001,
       4.03958244e+001, -1.04391144e+002, -6.03172035e+001,
       2.12092152e+001, 4.62253075e+001, 2.79785004e+001,
       4.11594276e+001, -1.19189548e+000, 3.20138016e+001,
       9.39799404e+000, -7.49213715e+001, 2.82398701e+001,
       5.42279863e+000, -4.90040245e+001, 2.47758617e+001,
       2.43618774e+001, 3.68658676e+001, -9.79027081e+000,
       -5.32618904e+001, 2.78621078e-001, 6.07387848e+001,
       -1.44749619e+002, -2.34497719e+001, 8.86284924e+000,
       4.45437355e+001, -5.36592369e+001, -4.89764633e+001,
       -9.03352203e+001, 5.14457520e+002, -4.20986099e+001,
       -1.28816315e+002, 2.64360260e+002, 1.01132584e+002,
       -1.45224047e+001, -3.30976990e+002, -3.15851994e+001,
       -9.84535751e+001, -4.27378178e+000, -4.48291588e+001,
       -7.78721285e+000, 2.34028687e+002, -1.23244400e+001,
       5.61783142e+001, 2.01151489e+002, -5.18383904e+001,
       -2.14729462e+002, -7.65356827e+001, 1.93801407e+002,
       9.66900864e+001, -1.62620834e+002, -3.97640572e+001,
       -5.97051048e+001, 3.31419182e+001, 2.48279152e+001,
       -6.51220093e+001, 6.02967567e+001, 3.77406616e+001,
       1.45725822e+001, -4.20986099e+001, 4.64910774e+001,
       6.88768921e+001, -2.91937389e+001, -3.74576855e+000,
       -2.68002930e+001, -1.99537888e+001, 3.99138451e+001,
       -1.29823911e+000, 1.13347750e+001, 2.27503757e+001,
       3.67834282e+001, -2.52742233e+001, 2.23850751e+000,
       2.23559685e+001, -1.04895735e+001, 1.66154480e+001,
       -1.10171261e+001, 4.36449928e+001, -9.63712120e+000,
       -4.59016075e+001, -5.21029167e+001, 1.42180548e+001,
       -8.90776443e+001, 6.80380859e+001, 3.71423492e+001,
       -1.37053391e+002, 1.49171783e+002, 6.40436020e+001,
       4.03958244e+001, -1.28816315e+002, 6.88768921e+001,
       2.78873535e+002, -6.35955772e+001, -3.23607635e+000,
       -9.15033569e+001, -1.40264196e+001, 8.29820404e+001,
       -4.99023476e+001, 2.75812550e+001, 5.60267792e+001,
       5.94317665e+001, 7.24428482e+001, -4.56901342e-002,
       4.16980820e+001, -4.20729523e+001, 5.29010315e+001,
       -3.84594650e+001, 1.15978539e+002, -5.87226677e+001,
       -1.52281845e+002, -1.53639175e+002, 2.42462635e+001,
       9.97271194e+001, -2.18485069e+001, -2.15825958e+001,
       2.16675858e+002, -7.10846100e+001, -7.06649857e+001,
       -1.04391144e+002, 2.64360260e+002, -2.91937389e+001,
       -6.35955772e+001, 3.69582703e+002, 1.21102997e+002,
       1.96071758e+001, -8.13296051e+001, -2.06404057e+001,
       -9.00858154e+001, 2.81209064e+000, -5.60447083e+001,
       -1.04772369e+002, 2.26942123e+002, -3.95978012e+001,
       4.95634270e+001, 5.01079254e+001, -4.14282799e+001,
       -2.58349848e+000, -7.13174667e+001, 7.53304520e+001,
       1.03597862e+002, 7.99849749e+000, -6.86876984e+001,
       -4.87260132e+001, -5.83715582e+000, -1.27277536e+001,
       3.52504134e+000, -1.56562243e+001, -1.77330818e+001,
       -6.03172035e+001, 1.01132584e+002, -3.74576855e+000,
       -3.23607635e+000, 1.21102997e+002, 8.71073990e+001,
       -4.09008026e+001, -8.90739975e+001, 1.38111401e+000,
       -4.78281364e+001, 6.73639393e+000, -4.41870356e+000,
       1.67774773e+001, 9.25959473e+001, -1.79263077e+001,
       2.62377205e+001, 4.11312408e+001, -1.90616207e+001,
       -6.67990494e+001, -2.74545135e+001, 1.59137402e+001,
       1.56648903e+001, -5.84597206e+001, -3.47367020e+001,
       1.39179413e+002, 1.94363928e+000, 1.64577579e+001,
       1.79524536e+002, -4.26786118e+001, 6.53898335e+000,
       2.12092152e+001, -1.45224047e+001, -2.68002930e+001,
       -9.15033569e+001, 1.96071758e+001, -4.09008026e+001,
       3.92508881e+002, 1.22631653e+002, -2.75678806e+001,
       1.85835709e+002, -1.46948099e+001, -9.51000748e+001,
       -1.74395828e+002, -3.19194061e+002, 2.22825947e+001,
       -5.84874649e+001, -6.06732140e+001, -1.25574522e+001,
       3.08758728e+002, -1.59794750e+001, 5.14057121e+001,
       3.19153687e+002, 3.20958801e+002, 3.27339973e+001,
       6.37685669e+002, -7.89081955e+001, -1.10018967e+002,
       3.62544891e+002, -1.79454636e+002, -1.20348640e+002,
       4.62253075e+001, -3.30976990e+002, -1.99537888e+001,
