%YAML:1.0
mean: !!opencv-matrix
   rows: 1
   cols: 128
   dt: f
   data: [ 9.10655689e+000, 3.94262290e+000, 6.85519123e+000,
       1.04453545e+001, 1.06939888e+001, 3.92896175e+000,
       7.02459002e+000, 1.14371586e+001, 2.89590149e+001,
       1.08797808e+001, 1.14289618e+001, 1.23743162e+001,
       1.01393442e+001, 1.49781418e+001, 3.72295074e+001,
       4.86284142e+001, 1.43415298e+001, 1.11885242e+001,
       1.63770485e+001, 1.00874310e+001, 1.42185793e+001,
       3.93114738e+001, 8.02322388e+001, 4.06857910e+001,
       6.62841511e+000, 7.63387966e+000, 9.21584702e+000,
       8.56557369e+000, 1.85464478e+001, 3.33989067e+001,
       4.68961754e+001, 1.61775951e+001, 3.77650261e+001,
       1.11803274e+001, 1.09316940e+001, 1.36202183e+001,
       2.16666660e+001, 1.53797808e+001, 1.44289618e+001,
       2.67404366e+001, 7.10546417e+001, 3.73715820e+001,
       6.14426231e+001, 3.58114738e+001, 2.26284142e+001,
       2.58032780e+001, 6.04699440e+001, 7.82267761e+001,
       4.42404366e+001, 7.45355148e+001, 9.15218582e+001,
       4.45874290e+001, 3.66557350e+001, 4.98934402e+001,
       9.07568283e+001, 5.57786865e+001, 1.65300541e+001,
       2.17049179e+001, 5.77240410e+001, 6.00081940e+001,
       5.37131119e+001, 5.36338768e+001, 5.99890709e+001,
       2.55928955e+001, 6.95163879e+001, 3.34453545e+001,
       1.46174860e+001, 1.49207649e+001, 3.98442612e+001,
       2.67185783e+001, 1.90573769e+001, 2.51748619e+001,
       9.17486343e+001, 4.12322388e+001, 3.06038246e+001,
       3.22896156e+001, 3.77486343e+001, 3.69207649e+001,
       5.53142052e+001, 6.10437126e+001, 6.14071007e+001,
       5.57622948e+001, 6.43251343e+001, 7.93032761e+001,
       8.69972687e+001, 6.20846977e+001, 7.80109253e+001,
       7.76092911e+001, 4.44644814e+001, 4.67267761e+001,
       3.93606529e+001, 3.95792351e+001, 6.33469925e+001,
       5.89043694e+001, 4.88442612e+001, 3.46584702e+001,
       4.24808731e+001, 3.03005447e+001, 1.35054646e+001,
       9.10382462e+000, 2.14562836e+001, 1.38633881e+001,
       8.15573788e+000, 1.01448088e+001, 7.49672089e+001,
       5.12732239e+001, 1.88633881e+001, 2.44316940e+001,
       2.28142071e+001, 1.46092892e+001, 1.05765028e+001,
       1.81256828e+001, 3.35000000e+001, 3.51994514e+001,
       6.34234962e+001, 6.77295074e+001, 4.08825111e+001,
       3.69699440e+001, 5.58879776e+001, 4.57349701e+001,
       2.07513657e+001, 3.60109291e+001, 3.46857910e+001,
       3.15819664e+001, 4.19863358e+001, 3.09344254e+001,
       2.85300541e+001, 1.63087425e+001 ]
