%YAML:1.0
reducer: !!opencv-matrix
   rows: 60
   cols: 30
   dt: f
   data: [ 8.13891235e+002, -1.22388962e+002, -1.14990616e+002,
       6.16852783e+002, -2.68196136e+002, -1.87292343e+002,
       2.48430061e+001, -8.51273270e+001, -9.74756317e+001,
       1.52440201e+002, -1.22187279e+002, -2.92459698e+001,
       6.64114319e+002, 1.27491447e+002, -1.25811127e+002,
       1.86387932e+000, -5.28007851e+001, -1.50160522e+002,
       -3.55872192e+002, 4.02400169e+001, -5.01895485e+001,
       -2.04103134e+002, -9.32367935e+001, -2.30479645e+002,
       3.75011597e+002, 5.22384338e+002, -1.11378983e+002,
       7.18937836e+001, 1.81854034e+002, -3.93774414e+001,
       -1.22388962e+002, 1.01293602e+002, 9.64329834e+001,
       -1.23444916e+002, 1.07666588e+002, 1.11316750e+002,
       7.05566025e+001, -5.85100174e+001, 4.70282173e+001,
       -3.08133583e+001, 7.89792786e+001, 7.10282326e-001,
       -1.11319733e+002, 4.84415340e+000, 8.37223969e+001,
       4.11537552e+001, 3.70161476e+001, 3.24721718e+001,
       7.94838333e+001, -1.07053329e+002, 3.15081234e+001,
       7.21520920e+001, 7.37148743e+001, -1.62793655e+001,
       2.78155351e+000, -9.16107788e+001, 7.95327148e+001,
       -5.56551628e+001, -6.09781189e+001, 4.30927849e+001,
       -1.14990616e+002, 9.64329834e+001, 1.32069458e+002,
       -1.05088165e+002, 1.03806900e+002, 1.14742149e+002,
       1.11361717e+002, -2.79522781e+001, 3.96048965e+001,
       -3.10780468e+001, 4.91212883e+001, -6.06170607e+000,
       -1.34996124e+002, 1.52070847e+001, 7.96258774e+001,
       4.00484390e+001, 2.93933697e+001, 2.43892040e+001,
       7.02218170e+001, -9.75056076e+001, 3.69266281e+001,
       7.02328339e+001, 6.29612312e+001, -2.20925283e+000,
       -2.65863876e+001, -9.36865692e+001, 4.85463867e+001,
       -3.25513000e+001, -4.94151192e+001, 5.78568840e+001,
       6.16852783e+002, -1.23444916e+002, -1.05088165e+002,
       6.64807434e+002, -2.42352600e+002, -1.66208252e+002,
       -3.61276207e+001, 7.29042816e+001, -1.00718796e+002,
       2.50779251e+002, -1.49442825e+002, 1.82141438e+001,
       3.98381165e+002, 1.67259399e+002, -1.34202011e+002,
       1.40712690e+001, -4.76007271e+001, -1.31340057e+002,
       -3.29936005e+002, 1.03051598e+002, -6.38851318e+001,
       -1.35438934e+002, -9.11138382e+001, -1.60395889e+002,
       2.71088348e+002, 4.21248627e+002, -1.11290085e+002,
       1.15074997e+002, 2.15199738e+002, -6.95231476e+001,
       -2.68196136e+002, 1.07666588e+002, 1.03806900e+002,
       -2.42352600e+002, 2.28201096e+002, 1.47706329e+002,
       6.30225754e+001, -8.32690811e+001, 8.49676361e+001,
       -1.04688179e+002, 1.63370346e+002, -3.00133915e+001,
       -2.25176270e+002, -2.74874268e+001, 1.10356575e+002,
       2.80906696e+001, 3.47771759e+001, 7.03046341e+001,
       1.50824585e+002, -5.62601089e+001, 3.74090576e+001,
       1.09358994e+002, 9.60187149e+001, 8.65506935e+000,
       -8.70981064e+001, -2.20579300e+002, 1.14277618e+002,
       -1.00619141e+002, -1.36187271e+002, 5.15649872e+001,
       -1.87292343e+002, 1.11316750e+002, 1.14742149e+002,
       -1.66208252e+002, 1.47706329e+002, 1.83933746e+002,
       8.60354767e+001, -9.44748535e+001, 5.23814926e+001,
       -8.75753708e+001, 7.69853134e+001, -9.43688488e+000,
       -1.65078995e+002, 2.21618233e+001, 8.83843994e+001,
       9.42555161e+001, 3.78404922e+001, 3.52466431e+001,
       1.26448265e+002, -1.63405441e+002, 4.10709953e+001,
       7.83725510e+001, 9.79576111e+001, -1.76005287e+001,
       -2.49717293e+001, -1.18466240e+002, 9.43437500e+001,
       -8.17962494e+001, -9.08533173e+001, 5.05779686e+001,
       2.48430061e+001, 7.05566025e+001, 1.11361717e+002,
       -3.61276207e+001, 6.30225754e+001, 8.60354767e+001,
       1.76821655e+002, -1.06176964e+002, 2.62876244e+001,
       -1.00759552e+002, 4.63079910e+001, -4.59986725e+001,
       1.87457066e+001, 1.09168205e+001, 5.89226723e+001,
       4.81920090e+001, 1.55024195e+001, 3.44200821e+001,
       2.70350132e+001, -1.04822639e+002, 4.15781097e+001,
       2.01194553e+001, 4.97857285e+001, -5.28220291e+001,
       1.32270851e+001, -2.35597801e+001, 4.61567650e+001,
       -2.43811970e+001, -7.26925354e+001, 7.96848755e+001,
       -8.51273270e+001, -5.85100174e+001, -2.79522781e+001,
       7.29042816e+001, -8.32690811e+001, -9.44748535e+001,
       -1.06176964e+002, 5.07279083e+002, -5.79887848e+001,
       2.63552643e+002, -1.32820023e+002, 9.37847748e+001,
       -2.59426270e+002, -5.07030220e+001, -5.91434250e+001,
       -1.29239609e+002, -1.94544754e+001, -5.07068329e+001,
       -3.79575272e+001, 3.03466949e+002, -2.07537880e+001,
       2.02053280e+001, -7.94445877e+001, 2.02611496e+002,
       -2.32962784e+002, -1.40239853e+002, -9.92338486e+001,
       2.23046005e+002, 8.28563004e+001, -4.63868446e+001,
       -9.74756317e+001, 4.70282173e+001, 3.96048965e+001,
       -1.00718796e+002, 8.49676361e+001, 5.23814926e+001,
       2.62876244e+001, -5.79887848e+001, 8.36307144e+001,
       -4.46274948e+001, 7.16898880e+001, -4.49758053e+000,
       -5.46039467e+001, -3.91854019e+001, 6.80476837e+001,
       -1.23116767e+000, 1.79033546e+001, 4.53741035e+001,
       6.29262276e+001, -4.82037277e+001, 8.04096889e+000,
       3.47415009e+001, 2.39771919e+001, 1.31468105e+001,
       -3.60952377e+001, -8.36842651e+001, 5.81149750e+001,
       -2.97557240e+001, -6.81310501e+001, 2.13566189e+001,
       1.52440201e+002, -3.08133583e+001, -3.10780468e+001,
       2.50779251e+002, -1.04688179e+002, -8.75753708e+001,
       -1.00759552e+002, 2.63552643e+002, -4.46274948e+001,
       3.88273895e+002, -7.80607910e+001, 1.31892258e+002,
       -4.21503448e+001, -4.99296141e+000, -3.65355606e+001,
       -1.10404808e+002, 7.39379025e+000, -6.41065445e+001,
       -1.23729515e+002, 2.64006104e+002, -4.40293732e+001,
       2.15614433e+001, -4.20710487e+001, 4.08190079e+001,
       -1.93393764e+001, 3.04237957e+001, -8.48951416e+001,
       8.27437897e+001, 1.03803192e+002, -7.37072906e+001,
       -1.22187279e+002, 7.89792786e+001, 4.91212883e+001,
       -1.49442825e+002, 1.63370346e+002, 7.69853134e+001,
       4.63079910e+001, -1.32820023e+002, 7.16898880e+001,
       -7.80607910e+001, 2.80289337e+002, -1.51874638e+001,
       -4.64871216e+001, -8.07137680e+001, 8.97411652e+001,
       -2.68443756e+001, 2.89331074e+001, 6.56457138e+001,
       7.37802811e+001, 3.99151573e+001, 6.43998861e+000,
       6.38434677e+001, 5.80763016e+001, -5.01738281e+001,
       -3.20115318e+001, -1.67412399e+002, 1.39256775e+002,
       -5.41316376e+001, -1.60667816e+002, 2.96449165e+001,
       -2.92459698e+001, 7.10282326e-001, -6.06170607e+000,
       1.82141438e+001, -3.00133915e+001, -9.43688488e+000,
       -4.59986725e+001, 9.37847748e+001, -4.49758053e+000,
       1.31892258e+002, -1.51874638e+001, 1.08104172e+002,
       -8.00483322e+001, -6.94053650e+001, 2.76551771e+000,
       -5.73492355e+001, 1.67203560e+001, 4.96006632e+000,
       1.07058268e+001, 9.20394592e+001, -1.72859497e+001,
       4.84687710e+000, -8.50018406e+000, 3.99488411e+001,
       -9.65254898e+001, -5.98330574e+001, -2.06250477e+001,
       7.60888243e+000, 4.32184839e+000, -3.51769905e+001,
       6.64114319e+002, -1.11319733e+002, -1.34996124e+002,
       3.98381165e+002, -2.25176270e+002, -1.65078995e+002,
       1.87457066e+001, -2.59426270e+002, -5.46039467e+001,
       -4.21503448e+001, -4.64871216e+001, -8.00483322e+001,
       8.99623291e+002, 1.13556831e+002, -1.10023819e+002,
       3.95238190e+001, -5.07771034e+001, -1.36087494e+002,
       -3.33793060e+002, -2.06387375e+002, -4.23069191e+001,
       -2.71600281e+002, -9.95781479e+001, -2.43130005e+002,
       4.94492432e+002, 6.44610352e+002, -6.03864784e+001,
       3.03363781e+001, 1.89424728e+002, -1.69491172e+000,
       1.27491447e+002, 4.84415340e+000, 1.52070847e+001,
       1.67259399e+002, -2.74874268e+001, 2.21618233e+001,
       1.09168205e+001, -5.07030220e+001, -3.91854019e+001,
