%YAML:1.0
reducer: !!opencv-matrix
   rows: 60
   cols: 30
   dt: f
   data: [ 0., 6.65473709e+01, 6.36870422e+01, 4.35767784e+01,
       3.68134384e+01, -1.11286936e+01, 6.60193110e+00, -2.07586384e+01,
       1.76616764e+01, 8.29591453e-01, 5.91381187e+01, -1.66041145e+01,
       -6.87861786e+01, 2.96855259e+01, -5.84586601e+01, 1.02105598e+01,
       -4.53477783e+01, 4.27509460e+01, -7.32830286e+00, -3.27271919e+01,
       2.01179333e+01, 5.42817459e+01, 3.83796120e+01, 2.79183941e+01,
       9.83931541e+00, -2.66480484e+01, -4.98954811e+01, 6.06294785e+01,
       9.26476717e-01, 5.27430305e+01, 0., -1.28323717e+01,
       -3.66391716e+01, -1.97540894e+01, 1.32897091e+00, 6.15824242e+01,
       1.37176800e+01, -2.24725761e+01, -1.27668872e-01, 2.37657299e+01,
       -4.23554230e+01, 4.80549164e+01, 4.47590523e+01, -3.76107903e+01,
       5.80030212e+01, 1.84950676e+01, 4.02373648e+00, 1.67990875e+01,
       3.82293129e+01, 5.77009916e+00, -4.71623344e+01, -3.24869843e+01,
       -6.24319077e+01, -1.49493866e+01, 4.65460396e+00, -2.17016869e+01,
       2.65767040e+01, -3.14866009e+01, 2.33498039e+01, -1.18656330e+01,
       0., 1.07721710e+02, 9.84781570e+01, 9.77447357e+01,
       4.05415611e+01, -2.56216202e+01, 7.73882055e+00, -4.06582031e+01,
       1.25916948e+01, 2.39076543e+00, 1.13099358e+02, -1.90770645e+01,
       -1.09535240e+02, 5.78532372e+01, -9.56591187e+01, 1.19545116e+01,
       -8.21824036e+01, 3.64410286e+01, -9.01337814e+00, -3.58084908e+01,
       1.04300165e+01, 5.16630020e+01, 6.67304153e+01, 2.30443783e+01,
       2.67928829e+01, -4.71884842e+01, -6.89148331e+01, 6.41694565e+01,
       -5.79553080e+00, 8.25475311e+01, 0., 7.40856857e+01,
       3.00484772e+02, -9.04878235e+01, 7.05188751e+00, 2.62839584e+01,
       -1.10938635e+01, -7.38663330e+01, -7.92285995e+01,
       -3.66925087e+01, -2.48103356e+00, -9.99696350e+01,
       -1.17672310e+02, 1.53484818e+02, -2.06528305e+02, -1.65246391e+01,
       4.46422958e+01, 6.75085754e+01, -7.00217514e+01, 1.42660339e+02,
       3.55223480e+02, 4.22847672e+01, 1.90696320e+02, -1.77276047e+02,
       -6.84044189e+01, 2.22102097e+02, -5.31368523e+01, 2.77520630e+02,
       -2.86458683e+01, 8.48630619e+00, -4.37987556e+01, -2.30059566e+01,
       -2.83056965e+01, -4.02599182e+01, -1.95951486e+00, 5.95551262e+01,
       1.79913712e+01, -3.18819008e+01, -1.07875609e+00, 2.74205208e+01,
       -5.80048294e+01, 5.56050835e+01, 6.34214783e+01, -4.74854698e+01,
       8.35228348e+01, 2.02177086e+01, 1.98534126e+01, 3.12577324e+01,
       4.23499870e+01, -2.51445341e+00, -4.03825836e+01, -3.42646408e+01,
       -6.06133804e+01, -2.18125076e+01, -9.08318424e+00,
       -1.46806021e+01, 4.09405518e+01, -3.12679920e+01, 3.53573380e+01,
       -1.60203037e+01, 2.28530396e+02, -3.48048363e+01, 1.58387127e+01,
       2.00072662e+02, -1.76320648e+01, -1.59174530e+02, -2.88557377e+01,
       3.60354095e+02, 2.75300201e+02, -1.95294838e+01, 1.81044891e+02,
       -3.12746601e+01, -2.97904175e+02, 1.41931366e+02, -3.35499481e+02,
       -2.77215767e+01, -2.66454773e+02, -1.43528564e+02,
       -1.86932678e+01, -1.45657639e+02, 1.75062542e+01, -1.21958305e+02,
       1.76778091e+02, 3.26269012e+02, 5.06606110e+02, -2.72115295e+02,
       -2.36814697e+02, 1.36284256e+00, 2.49619503e+01, 2.72675964e+02,
       1.32674896e+02, 5.24165039e+02, 3.16937286e+02, 2.50706177e+02,
       6.01729622e+01, 6.28072891e+01, -1.89983768e+01, 6.83604202e+01,
       -6.82592850e+01, -6.42322083e+01, 3.37177277e+02, -1.72436707e+02,
       -4.31317627e+02, 3.09701752e+02, -4.90961090e+02, -3.59009819e+01,
       1.40800598e+02, 1.18114233e+01, -1.34897278e+02, -2.33885269e+02,
       3.84990692e+02, 7.05721863e+02, 3.64794647e+02, 6.38862133e+00,
       -4.12841873e+01, -8.79143982e+01, -4.65192627e+02, 5.63599304e+02,
       -6.67274094e+01, 1.08919983e+02, 1.53701584e+02, 9.89580841e+01,
       1.06516174e+02, 2.41902069e+02, 1.08256332e+02, -2.27204285e+02,
       -2.04424515e+01, 1.37201035e+02, 2.40039536e+02, -3.77762032e+01,
       4.72161987e+02, -8.15253448e+01, -3.98111420e+02, 2.94967285e+02,
       -4.35712952e+02, -3.34904594e+01, -3.00537567e+02,
       -1.13041885e+02, -6.02502060e+01, -1.87550140e+02, 2.08373451e+00,
       7.07539368e+01, 2.72956482e+02, 3.33336761e+02, 3.71296936e+02,
       -2.92923126e+02, -3.22389008e+02, 1.41453018e+02, -2.94651337e+01,
       3.71110077e+02, 5.60558411e+02, 1.63261505e+02, -8.62777710e+01,
       4.65514252e+02, 3.45120621e+01, -3.23354797e+02, -3.07907028e+01,
       5.20018005e+02, 1.93745132e+02, -4.01052589e+01, 5.35067322e+02,
       -1.06061913e+02, -5.96905579e+02, 3.09098694e+02, -4.99734497e+02,
       -4.95732880e+01, -3.85412628e+02, -1.35115524e+02,
       -9.04926987e+01, -5.33691956e+02, 1.53630676e+02, 3.27329437e+02,
       4.17958801e+02, 3.73094208e+02, 3.46565704e+02, -4.09928040e+02,
       -5.05365051e+02, 1.42494888e+02, -7.72749901e+00, 2.83268951e+02,
       -5.84058167e+02, -3.85109833e+02, -1.87735016e+02,
       -6.16111145e+02, -1.25386887e+02, 3.89205322e+02, 2.33168526e+01,
       -3.18663696e+02, -2.17698547e+02, 4.09069862e+01, -7.92595642e+02,
       1.33028107e+02, 8.30494141e+02, -5.67225769e+02, 7.53658203e+02,
       5.40251884e+01, 5.50601624e+02, 1.39993622e+02, 1.17602402e+02,
       6.09750671e+02, -2.19953186e+02, -3.93968994e+02, -6.64526794e+02,
       -4.20819550e+02, -3.27834534e+02, 5.31955444e+02, 6.36236755e+02,
       -3.63866089e+02, 2.33958130e+01, -4.35029755e+02, 9.91065750e+01,
       6.80883179e+01, 4.00498962e+01, 1.38071136e+02, 4.40910187e+01,
       -8.52327347e+01, 2.64231324e+00, 2.24405632e+01, 6.71086349e+01,
       -2.49226354e-02, 1.49865997e+02, -1.35149603e+01, -1.25549843e+02,
       5.93462334e+01, -1.05670341e+02, -2.29157400e+00, -1.22518295e+02,
       -1.67684727e+01, -1.14879341e+01, -1.30611557e+02,
       -6.08537865e+01, 4.47956429e+01, 8.29067917e+01, 1.32249283e+02,
       6.89961319e+01, -1.32438934e+02, -8.14122009e+01, 2.64820843e+01,
       -4.99855709e+00, 9.43318558e+01, 3.15948547e+02, 2.72266510e+02,
       1.79184036e+02, 2.68028595e+02, 6.99807510e+01, -2.48606293e+02,
       -3.07439690e+01, 1.33545746e+02, -1.28512297e+01, -4.84434853e+01,
       5.17279419e+02, -1.47706543e+02, -5.74585876e+02, 5.45685608e+02,
       -6.00231201e+02, -4.38354645e+01, -3.30967621e+02,
       -3.35149879e+01, -1.05659660e+02, -2.71387543e+02, 4.32297241e+02,
       2.78428558e+02, 5.56712341e+02, 2.78537254e+01, 5.33855515e+01,
       -2.06381866e+02, -4.84907776e+02, 3.81882782e+02, -3.11826801e+01,
       1.88823929e+02, 4.18552338e+02, 5.22681580e+02, 5.68274353e+02,
       5.02098480e+02, 7.26407089e+01, -2.24846222e+02, -2.58612633e+01,
       5.96205101e+01, 8.60729599e+01, -4.98768539e+01, 5.37061707e+02,
       -1.80206741e+02, -6.62615051e+02, 5.36915344e+02, -7.43970520e+02,
       -4.48403740e+01, -3.72746155e+02, -2.26939011e+01,
       -1.26483551e+02, -3.95087616e+02, 2.41682220e+02, 3.61960754e+02,
       6.76547302e+02, 2.05465591e+02, 1.79207718e+02, -4.07539795e+02,
       -5.31285339e+02, 5.39641907e+02, -3.82918282e+01, 3.49180664e+02,
       -2.82308990e+02, -6.53297653e+01, -9.22443676e+00,
       -2.91498901e+02, -5.58829079e+01, 3.08867035e+02, 3.13321114e+01,
       -1.17403130e+02, -1.55941177e+02, 2.77094650e+01, -3.43439606e+02,
       6.33995285e+01, 2.75856079e+02, -2.19829163e+02, 3.15622284e+02,
       3.19609032e+01, 3.52008392e+02, 1.53061142e+02, 2.42068539e+01,
       1.67651764e+02, 1.64288986e+02, 2.83014412e+01, -2.30651001e+02,
       -2.77199310e+02, -1.91065140e+02, 3.29078094e+02, 2.43288452e+02,
       2.83265591e+01, 1.89371738e+01, -1.85956802e+02, 3.56949829e+02,
       2.90025543e+02, 4.10679626e+01, 4.03833557e+02, 1.16260391e+02,
       -2.49318100e+02, -1.87339287e+01, 2.48262604e+02, 1.06917580e+02,
       -4.73532867e+01, 6.59768860e+02, -1.30711441e+02, -5.62154602e+02,
