%YAML:1.0
reducer: !!opencv-matrix
   rows: 40
   cols: 30
   dt: f
   data: [ 1.90136063e+002, 7.35396194e+001, 1.41281693e+002,
       2.02314041e+002, 6.92019577e+001, 2.36953907e+001,
       -1.03825623e+002, -1.75446259e+002, 4.79210701e+001,
       -4.14810143e+001, 2.64237480e+001, 7.64902802e+001,
       1.44981356e+001, 1.11745720e+001, 1.79637127e+001,
       -7.36688309e+001, 8.82814331e+001, -1.09606796e+002,
       -3.32771778e+000, -7.43950729e+001, -1.67544937e+002,
       8.45703583e+001, -1.06243698e+002, 2.93567982e+001,
       -1.28062943e+002, -2.45825648e+000, 4.31736946e+000,
       -1.27108963e+002, -7.97679672e+001, -7.20903091e+001,
       7.35396194e+001, 6.49239578e+001, 5.70686722e+001,
       7.88354797e+001, 5.26304703e+001, 2.58693733e+001,
       -3.75782242e+001, -6.16014786e+001, 2.38399563e+001,
       1.23809159e+000, 1.87678146e+001, 4.63360176e+001,
       2.47778072e+001, 1.60646915e+001, 1.38956861e+001,
       -3.85997810e+001, 5.43100891e+001, -2.27712345e+001,
       1.08502731e+001, -3.26008911e+001, -6.05034943e+001,
       2.19350719e+001, -4.60619507e+001, 3.58800659e+001,
       -6.85806198e+001, 1.01289999e+000, 3.95627832e+000,
       -4.64739914e+001, -2.66816330e+001, -2.32456169e+001,
       1.41281693e+002, 5.70686722e+001, 2.26748032e+002,
       2.36749771e+002, 5.58176842e+001, -1.77545261e+001,
       -1.97513824e+002, -2.68278992e+002, 3.58001251e+001,
       -1.13301567e+002, 1.65784187e+001, 5.68393555e+001,
       5.21562080e+001, -9.79839897e+000, -6.85072613e+000,
       -9.08804550e+001, 5.77402878e+001, -1.25447281e+002,
       -3.95209770e+001, -1.37353760e+002, -2.53347183e+002,
       1.62464447e+002, -1.58680725e+002, 4.42548065e+001,
       -2.20368942e+002, -2.20929565e+001, -8.42129612e+000,
       -1.89825668e+002, -1.46775925e+002, -1.54157791e+002,
       2.02314041e+002, 7.88354797e+001, 2.36749771e+002,
       3.47224731e+002, 8.12785416e+001, -1.58916321e+001,
       -1.90134140e+002, -3.36555298e+002, 4.68969345e+001,
       -1.19128105e+002, 2.22930641e+001, 7.83681717e+001,
       4.80448151e+001, -1.69928398e+001, -2.02036781e+001,
       -1.42574844e+002, 1.00446907e+002, -1.72144089e+002,
       -2.38539982e+001, -1.52182373e+002, -3.35686981e+002,
       2.33721130e+002, -2.24886993e+002, 4.77509346e+001,
       -2.94054657e+002, -2.96654606e+001, -1.05381527e+001,
       -2.49912277e+002, -2.09064682e+002, -2.20473587e+002,
       6.92019577e+001, 5.26304703e+001, 5.58176842e+001,
       8.12785416e+001, 7.46711044e+001, 3.38154106e+001,
       -4.78994637e+001, -4.86368561e+001, 2.86572723e+001,
       -2.00364761e+001, 1.74225121e+001, 4.46861801e+001,
       2.59710312e+001, 2.07358932e+001, 1.94447765e+001,
       -2.04703960e+001, 5.86401405e+001, -8.53679466e+000,
       1.47989397e+001, -3.57643700e+001, -5.88817673e+001,
       1.18975706e+001, -3.29747086e+001, 6.72624054e+001,
       -4.15377693e+001, -5.85469246e-001, 3.09737372e+000,
       -4.10093994e+001, -2.31582284e+000, -1.54101810e+001,
       2.36953907e+001, 2.58693733e+001, -1.77545261e+001,
       -1.58916321e+001, 3.38154106e+001, 4.47327911e+002,
       5.02939087e+002, 3.66805939e+002, 5.84262180e+000,
       -3.52438164e+001, 5.70270920e+000, 4.00398483e+001,
       -1.44033798e+002, 1.60541363e+001, 3.31229286e+001,
       -8.95185547e+001, 2.70478096e+001, 4.28357117e+002,
       5.42965759e+002, 2.70180908e+002, -9.02610474e+001,
       -3.35037567e+002, 3.71419411e+001, -1.63336060e+002,
       7.80236740e+001, 8.40652161e+001, 5.71035690e+001,
       1.53365143e+002, -9.18459797e+000, 4.02827530e+001,
       -1.03825623e+002, -3.75782242e+001, -1.97513824e+002,
       -1.90134140e+002, -4.78994637e+001, 5.02939087e+002,
       1.22403381e+003, 9.35112732e+002, -4.22388153e+001,
       2.42974426e+002, -2.33430233e+001, -1.35926838e+001,
       -3.76341400e+002, -1.17614269e+001, -1.53748751e+000,
       -1.72176758e+002, -4.76948433e+001, 7.06315918e+002,
       8.34958435e+002, 6.74289001e+002, 8.30836487e+001,
       -6.38923157e+002, 1.91767151e+002, -3.88817657e+002,
       2.68442596e+002, 9.95525284e+001, 6.95161667e+001,
       5.03543152e+002, 5.50084648e+001, 8.98773804e+001,
       -1.75446259e+002, -6.16014786e+001, -2.68278992e+002,
       -3.36555298e+002, -4.86368561e+001, 3.66805939e+002,
       9.35112732e+002, 1.38048169e+003, -4.90828133e+001,
       2.94182556e+002, -2.78936405e+001, -7.65905838e+001,
       -4.00374512e+002, 6.22264290e+001, 9.02431564e+001,
       8.18847122e+001, -1.03113876e+002, 9.38583862e+002,
       5.62704590e+002, 6.39237061e+002, 5.87079895e+002,
       -1.00932422e+003, 6.89069702e+002, -3.46958099e+002,
       7.10031860e+002, 1.29216339e+002, 6.26225128e+001,
       8.59957947e+002, 4.86677399e+002, 4.43352631e+002,
       4.79210701e+001, 2.38399563e+001, 3.58001251e+001,
       4.68969345e+001, 2.86572723e+001, 5.84262180e+000,
       -4.22388153e+001, -4.90828133e+001, 4.06812019e+001,
       5.03879428e-001, 2.04582996e+001, 2.69594669e+001,
       1.29568348e+001, 2.27536221e+001, 2.68841343e+001,
       -9.59096146e+000, 3.16269875e+001, -5.38372917e+001,
       -3.22471428e+001, -2.51685104e+001, -3.60877266e+001,
       3.40098801e+001, -3.53466873e+001, 3.56028976e+001,
       -3.30580406e+001, 4.27929974e+000, 5.14908838e+000,
       -3.60512161e+001, 5.27514815e-001, -1.02212982e+001,
       -4.14810143e+001, 1.23809159e+000, -1.13301567e+002,
       -1.19128105e+002, -2.00364761e+001, -3.52438164e+001,
       2.42974426e+002, 2.94182556e+002, 5.03879428e-001,
       8.94991089e+002, 7.82323456e+000, -6.00489044e+000,
       -2.02364902e+001, 4.07966957e+001, 5.32836723e+001,
       1.75646637e+002, -4.63720131e+000, 2.35798645e+001,
       7.46150827e+000, 1.47794800e+002, 2.41210358e+002,
       -2.08359283e+002, 2.45633026e+002, 5.43628998e+001,
       6.68461914e+001, -7.95612478e+000, 1.22238293e+001,
       1.67850937e+002, 2.33936340e+002, 3.62392120e+001,
       2.64237480e+001, 1.87678146e+001, 1.65784187e+001,
       2.22930641e+001, 1.74225121e+001, 5.70270920e+000,
       -2.33430233e+001, -2.78936405e+001, 2.04582996e+001,
       7.82323456e+000, 1.93668327e+001, 2.03883610e+001,
       1.29275141e+001, 1.57323189e+001, 1.94695301e+001,
       -7.50640726e+000, 2.05992050e+001, -3.13257504e+001,
       -1.93786087e+001, -1.50755482e+001, -9.88642025e+000,
       2.09151154e+001, -2.24861031e+001, 2.84030495e+001,
       -1.87710857e+001, 5.66538572e+000, 4.67590237e+000,
       -1.85460110e+001, 4.41784573e+000, 6.77490473e+000,
       7.64902802e+001, 4.63360176e+001, 5.68393555e+001,
       7.83681717e+001, 4.46861801e+001, 4.00398483e+001,
       -1.35926838e+001, -7.65905838e+001, 2.69594669e+001,
       -6.00489044e+000, 2.03883610e+001, 8.45923309e+001,
       2.98436642e+000, 8.35878754e+000, 1.31009264e+001,
       -6.91155014e+001, 7.58400726e+001, -3.81602173e+001,
       2.72696781e+001, -2.16157494e+001, -7.19920502e+001,
       3.95358849e+001, -6.50101242e+001, 3.76982155e+001,
       -9.01134033e+001, 7.84552991e-001, 4.15782881e+000,
       -5.64018784e+001, -4.17750282e+001, -1.02262268e+001,
       1.44981356e+001, 2.47778072e+001, 5.21562080e+001,
       4.80448151e+001, 2.59710312e+001, -1.44033798e+002,
       -3.76341400e+002, -4.00374512e+002, 1.29568348e+001,
       -2.02364902e+001, 1.29275141e+001, 2.98436642e+000,
       5.40304565e+002, -6.18594694e+000, -2.16367226e+001,
       3.85099884e+002, 2.96103935e+001, -3.26554230e+002,
       -2.09247040e+002, -2.69232086e+002, -7.66085968e+001,
       3.79520599e+002, -6.35392227e+001, 3.70271362e+002,
       -1.14731758e+002, -7.88541031e+001, -3.68074532e+001,
       -3.33475250e+002, 3.13577480e+001, -1.14394333e+002,
       1.11745720e+001, 1.60646915e+001, -9.79839897e+000,
       -1.69928398e+001, 2.07358932e+001, 1.60541363e+001,
       -1.17614269e+001, 6.22264290e+001, 2.27536221e+001,
