%YAML:1.0
mean: !!opencv-matrix
   rows: 1
   cols: 128
   dt: f
   data: [ 5.25162621e+001, 2.19146347e+001, 1.92777786e+001,
       2.65569115e+001, 4.22222214e+001, 2.48224945e+001,
       2.24078598e+001, 3.63956642e+001, 5.54823875e+001,
       4.23536606e+001, 6.44620590e+001, 4.26436310e+001,
       4.07005424e+001, 4.98794060e+001, 7.74498672e+001,
       6.67588120e+001, 3.36937675e+001, 3.55270996e+001,
       5.17723579e+001, 4.25691071e+001, 6.21815720e+001,
       5.87208672e+001, 6.25013580e+001, 3.73902435e+001,
       1.39688349e+001, 9.16802216e+000, 1.32439032e+001,
       1.02140923e+001, 2.55691071e+001, 1.43401089e+001,
       1.36476965e+001, 9.28726292e+000, 7.70907898e+001,
       4.65948524e+001, 2.74918709e+001, 2.91991882e+001,
       5.20989189e+001, 3.29620590e+001, 2.59593506e+001,
       3.31029816e+001, 8.62750702e+001, 7.21951218e+001,
       7.72994614e+001, 7.52926865e+001, 7.10826569e+001,
       6.37682953e+001, 7.61897049e+001, 7.26842804e+001,
       5.83292694e+001, 6.10623322e+001, 7.11924133e+001,
       7.46097565e+001, 9.11016312e+001, 7.22953949e+001,
       6.81476974e+001, 5.26341476e+001, 1.72737122e+001,
       8.00677490e+000, 1.36463413e+001, 1.82615185e+001,
       3.40460701e+001, 9.88888931e+000, 1.40243902e+001,
       9.51219559e+000, 4.75975609e+001, 3.30813026e+001,
       1.86544724e+001, 1.54024391e+001, 2.33888893e+001,
       1.98577232e+001, 1.59444447e+001, 2.10962067e+001,
       5.42046089e+001, 6.28157196e+001, 6.19796753e+001,
       4.43807602e+001, 4.06707344e+001, 5.07764244e+001,
       5.12886200e+001, 3.58401108e+001, 2.89336052e+001,
       3.20054207e+001, 5.22235794e+001, 6.51842804e+001,
       5.95894318e+001, 3.46747971e+001, 4.25921402e+001,
       3.13021679e+001, 1.29159899e+001, 7.04878044e+000,
       1.00447159e+001, 1.22317076e+001, 1.51856375e+001,
       6.60027122e+000, 8.46747971e+000, 5.87940407e+000,
       1.28346882e+001, 2.06300812e+001, 8.44579983e+000,
       3.64498663e+000, 6.24661255e+000, 8.43360424e+000,
       8.30894279e+000, 8.65989208e+000, 1.24566402e+001,
       2.32750683e+001, 3.10894318e+001, 1.34376698e+001,
       1.47696476e+001, 2.02737141e+001, 2.01747971e+001,
       1.25894308e+001, 8.60162640e+000, 5.50406504e+000,
       1.71951218e+001, 2.35108414e+001, 1.80569115e+001,
       1.08468838e+001, 1.34972906e+001, 1.14105692e+001,
       4.22357750e+000, 3.53252029e+000, 4.42818451e+000,
       4.73848248e+000, 4.09078598e+000, 3.11382127e+000,
       3.73441744e+000, 2.50000000e+000 ]
