%YAML:1.0
reducer: !!opencv-matrix
   rows: 60
   cols: 30
   dt: f
   data: [ -2.58483105e+001, -3.54541779e+002, -3.69460602e+001,
       -1.39418228e+002, 1.11567793e+001, -1.69752747e+002,
       -8.05675278e+001, -2.44733505e+001, -1.88794159e+002,
       -2.80638809e+001, -2.54455719e+002, -6.42665634e+001,
       3.22525238e+002, -1.24533836e+002, -2.35866257e+002,
       -1.19198914e+002, 2.26716492e+002, 1.63713684e+002,
       -1.63700272e+002, 2.81306396e+002, -1.03560608e+002,
       1.58933890e+000, -2.18326508e+002, 3.05958496e+002,
       -1.55344528e+002, -1.07984009e+002, 3.70787170e+002,
       1.13520065e+002, -8.01673355e+001, 2.69881744e+002,
       -2.48543762e+002, -1.92368393e+002, -6.91358032e+001,
       3.42175636e+001, -2.73730183e+000, -2.50153976e+002,
       -2.66543427e+002, 5.71768990e+001, -3.32026329e+001,
       -3.89155609e+002, -2.91523590e+002, -1.78422745e+002,
       8.04354324e+001, -3.95945740e+002, -1.07882080e+002,
       3.21031799e+001, 1.26275841e+002, 2.14491409e+002,
       -6.43832445e+000, 4.72301025e+002, -2.94233948e+002,
       5.90462799e+001, -4.45661774e+002, 4.65409088e+002,
       -1.20151199e+002, 1.74327560e+002, 5.33541809e+002,
       3.25152550e+001, 2.62115662e+002, 9.85368958e+001,
       3.49913940e+001, -3.09947571e+002, 1.49031265e+002,
       -1.92597641e+002, 4.09343796e+001, -4.94944992e+001,
       -1.25599068e+002, -4.76201515e+001, -2.97204041e+002,
       2.77412462e+000, -1.98525558e+002, -6.16836014e+001,
       5.83572144e+002, 1.38349676e+001, -2.52461548e+002,
       -2.08396698e+002, 3.17550934e+002, 5.58445969e+001,
       -3.28724030e+002, 4.95579300e+001, 3.14655647e+001,
       -6.05172882e+001, 1.09788094e+002, 1.70933319e+002,
       -2.56294128e+002, -1.82108826e+002, 1.76677353e+002,
       2.74784515e+002, -3.89096985e+002, 2.19315918e+002,
       -4.23796415e+000, 2.12868643e+000, 4.00025978e+001,
       7.47125626e+001, -1.93781204e+001, -2.95547047e+001,
       -2.14247532e+001, 3.62456741e+001, 7.33315277e+001,
       -5.53973198e+001, 2.65906692e+000, -4.40075684e+001,
       -5.50603104e+001, 6.42212343e+000, 5.37127533e+001,
       4.24421806e+001, -3.17002258e+001, -1.80940533e+001,
       4.76968575e+001, -1.20970145e-001, -4.64340897e+001,
       2.52000313e+001, -9.17617874e+001, 3.46886826e+000,
       3.92947617e+001, 3.39966736e+001, -2.93101907e+000,
       2.31547213e+000, 4.04999313e+001, -2.30057602e+001,
       3.27693848e+002, 1.71568634e+002, -3.57392883e+001,
       -6.63824921e+001, 2.01000023e+001, 2.86248871e+002,
       3.04905792e+002, -7.33718948e+001, -2.02327042e+001,
       4.16592468e+002, 2.94218964e+002, 2.99178925e+002,
       -8.39083481e+001, 4.33028778e+002, 9.39733582e+001,
       -4.98300743e+001, -1.25220222e+002, -1.88648926e+002,
       2.51621494e+001, -3.81210022e+002, 3.34485413e+002,
       -1.02881042e+002, 6.19948181e+002, -4.62840057e+002,
       1.50921646e+002, -1.39741989e+002, -5.54387085e+002,
       -9.96226120e+001, -2.31662155e+002, -1.67307083e+002,
       -6.48110437e+000, -7.69199800e+000, 3.70370750e+001,
       5.53122292e+001, -1.39840603e+001, -3.61513863e+001,
       -2.26673470e+001, 3.11263142e+001, 5.36954803e+001,
       -4.69780006e+001, -8.30443573e+000, -3.84088364e+001,
       -2.31002960e+001, -7.36644650e+000, 2.89972630e+001,
       3.00990963e+001, -1.77018127e+001, -6.97656965e+000,
       2.73042450e+001, 6.25523996e+000, -3.87042847e+001,
       2.02025604e+001, -7.73462143e+001, 1.68431950e+001,
       2.07519035e+001, 1.74168625e+001, 8.49685478e+000,
       1.29202509e+001, 1.81573410e+001, -1.07140074e+001,
       1.06775522e+001, -3.27000916e+002, 1.19573524e+002,
       -5.96784134e+001, -5.57840252e+000, -2.07380356e+002,
       -2.18647522e+002, 4.23632050e+001, -1.27846916e+002,
       -2.18264450e+002, -2.46776550e+002, -1.01293388e+002,
       2.99168030e+002, -1.33823990e+002, -1.20972626e+002,
       -8.52211761e+001, 3.26978607e+002, 6.43835754e+001,
       -4.09138718e+001, 1.72889359e+002, -1.13822304e+002,
       1.85610218e+001, -1.39722061e+002, 2.64571594e+002,
       -9.86717682e+001, 2.22314625e+001, 2.59927460e+002,
       2.24233353e+002, -1.05565674e+002, 2.51591888e+002,
       -1.14743080e+001, -1.89472160e+001, 5.07554054e-001,
       4.70174026e+000, 7.11052275e+000, -2.87124290e+001,
       -5.56661892e+000, 2.67314415e+001, 8.08936596e+000,
       -4.27227402e+001, -2.27731247e+001, -2.00116043e+001,
       -1.33382187e+001, -4.19679756e+001, -3.07570887e+000,
       2.16281357e+001, 2.31935430e+000, 2.61516190e+001,
       1.99104042e+001, 1.51178770e+001, -2.36956177e+001,
       4.18548851e+001, -4.04018097e+001, 2.59551811e+001,
       -9.08236885e+000, 1.01733935e+000, 3.07542191e+001,
       7.66964054e+000, 9.96358681e+000, 1.96846542e+001,
       -3.80780244e+000, 2.50673126e+002, -1.85422699e+002,
       1.87512417e+001, 1.59089718e+001, 1.65458984e+002,
       2.06722580e+002, -3.71007080e+001, 8.87707291e+001,
       1.92721588e+002, 1.42025421e+002, 1.61604492e+002,
       -2.36181274e+002, 6.53395309e+001, 6.48555222e+001,
       5.80702591e+001, -1.44248260e+002, -3.12059838e-002,
       5.04932671e+001, -1.20308243e+002, 1.83398605e+002,
       -4.31817169e+001, 1.88758453e+002, -1.88212067e+002,
       1.54354156e+002, 2.79895420e+001, -2.64606293e+002,
       -1.81598541e+002, 6.18334312e+001, -1.69167450e+002,
       3.58426361e+002, 3.64351959e+001, 8.33001251e+001,
       -9.81954803e+001, 4.51517334e+001, 3.20801727e+002,
       3.51556244e+002, -1.03199440e+002, -1.27697205e+002,
       4.10916992e+002, 2.37473724e+002, 2.24400864e+002,
       8.16559219e+001, 4.79426636e+002, -4.48278522e+000,
       -1.49851334e+002, -1.11481926e+002, -1.77197952e+002,
       -1.12751076e+002, -3.41698853e+002, 2.18319717e+002,
       -9.70266418e+001, 6.01979004e+002, -4.26491364e+002,
       2.05383167e+001, -1.72896286e+002, -4.32503815e+002,
       -2.30271029e+000, -2.85532837e+002, -1.32608963e+002,
       -1.78779564e+001, 1.59095926e+001, 2.68526630e+001,
       8.05923233e+001, -1.43150721e+001, -7.17709970e+000,
       -1.11680622e+001, 2.19918556e+001, 3.95981178e+001,
       -4.46495132e+001, 6.18235016e+000, -3.52244453e+001,
       -4.65946770e+001, -8.58536720e+000, 3.45503311e+001,
       2.95704174e+001, -4.29806633e+001, -6.60749340e+000,
       2.30358124e+001, 2.96843281e+001, -6.13927383e+001,
       2.17267799e+001, -7.10037308e+001, 1.78686981e+001,
       1.25000525e+001, 5.04595375e+001, 7.74434996e+000,
       3.15316439e+000, 6.78973465e+001, -3.98037720e+001,
       -7.09973297e+001, -3.01502319e+002, 4.17337646e+001,
       -1.16178818e+002, -8.33445644e+000, -2.54191483e+002,
       -2.32842041e+002, 1.01335850e+001, -1.71556885e+002,
       -1.95666443e+002, -2.72628296e+002, -6.69452209e+001,
       3.37119385e+002, -2.19464005e+002, -1.78167023e+002,
       -1.03935143e+002, 3.72139832e+002, 1.18958138e+002,
       -1.07748344e+002, 1.73574554e+002, -3.94489899e+001,
       -1.10345876e+000, -1.68738937e+002, 3.04075195e+002,
       -1.45086945e+002, -9.20787334e+000, 3.17288544e+002,
       2.26300919e+002, -7.60598679e+001, 3.44663025e+002,
       1.87737991e+002, -1.13281616e+002, 2.72977867e+001,
       -6.10909004e+001, 2.18063087e+001, 6.25653763e+001,
       2.76719341e+001, -3.03212700e+001, -1.51697769e+002,
       2.11878235e+002, 1.96163616e+001, 1.53437500e+002,
       1.97890442e+002, 1.69178375e+002, -6.49582748e+001,
       -1.38607132e+002, 1.17970161e+002, -6.42516403e+001,
       -1.01272133e+002, -9.40350494e+001, 2.20838455e+002,
       -8.97404022e+001, 3.04652405e+002, -9.24532852e+001,
       4.04304352e+001, -5.50521851e+001, -1.87491119e+002,
       9.75568161e+001, -2.45275467e+002, 1.07146347e+002,
       2.92587463e+002, -6.56346664e+001, 1.29760361e+002,
       1.56517286e+001, 3.94377403e+001, 7.53355637e+001,
       1.20363670e+002, 2.31711445e+001, -1.47729935e+002,
