%YAML:1.0
reducer: !!opencv-matrix
   rows: 60
   cols: 30
   dt: f
   data: [ 4.47654996e-38, -1.88370585e-03, 2.92773116e-02,
       3.91212665e-02, -1.55169502e-01, -2.24706791e-02, -3.42104472e-02,
       -2.66275164e-02, 4.62018996e-02, 7.17339981e-06, -7.93530121e-02,
       2.11452127e-01, -9.99605469e-03, 3.99961136e-03, 8.91749281e-03,
       -1.70197468e-02, 6.19513309e-03, 4.88252416e-02, 7.41700083e-02,
       8.73365849e-02, 1.13157101e-01, -1.40528277e-01, -3.11540626e-02,
       -1.15704365e-01, 5.36638275e-02, 4.33871858e-02, 1.00562818e-01,
       -7.53357634e-02, 1.35570634e-02, -1.07124239e-01, 0.,
       9.31542926e-03, 8.50976333e-02, 1.08141832e-01, -1.69895262e-01,
       4.42963839e-02, -8.34718496e-02, -5.35951741e-02, 1.37068525e-01,
       2.13652793e-02, -6.50287345e-02, 3.35842729e-01, -3.78002226e-02,
       1.51814625e-01, -7.33082220e-02, -3.67167704e-02, 8.49398747e-02,
       -7.42093846e-02, 1.54148294e-02, -4.96007726e-02, -3.46180499e-02,
       7.69105479e-02, -1.90321684e-01, 3.16730514e-02, -2.54443660e-02,
       -1.70060061e-02, 3.35705653e-02, -2.09260553e-01, 2.63243299e-02,
       -3.76341008e-02, 4.47654996e-38, 3.48469964e-03, 7.87154809e-02,
       8.67187530e-02, -8.02231729e-02, 4.07255478e-02, 4.20648754e-02,
       -5.62082082e-02, 1.35915697e-01, -1.73869487e-02, -1.08031504e-01,
       1.21764198e-01, 6.36334270e-02, 1.33471712e-01, 7.02825561e-03,
       -6.40372932e-02, -6.32842556e-02, -1.55366674e-01,
       -8.34859461e-02, -8.21195915e-02, -5.53158969e-02, 1.97685752e-02,
       -1.09626621e-01, 7.14475363e-02, -1.51053548e-01, -1.25739932e-01,
       -2.94374512e-03, 1.45622035e-02, -5.35818525e-02, 1.47790248e-02,
       0., -1.91243246e-01, -1.83635026e-01, 2.02840284e-01,
       1.80630535e-01, -3.17257077e-01, -1.13785751e-01, 2.44154334e-01,
       1.05468936e-01, 8.90044197e-02, 5.64218387e-02, -1.48846135e-02,
       -1.29684042e-02, -2.31216073e-01, 1.37150690e-01, 2.78969724e-02,
       1.31844971e-02, 6.57859594e-02, 3.09214201e-02, 7.08896965e-02,
       -3.59827257e-03, -1.57981724e-01, -2.08655402e-01,
       -4.33216430e-03, -1.61853865e-01, 7.35672889e-03, 1.60904154e-01,
       -1.61486194e-01, -1.77682027e-01, -2.05986381e-01, 1.79828536e-02,
       1.45671815e-01, 2.48102292e-01, -2.62584854e-02, -5.23138158e-02,
       -1.61793247e-01, 4.60796766e-02, 2.53397286e-01, 8.11261497e-03,
       -1.84549674e-01, 9.95672029e-03, -5.91404922e-02, 1.29173011e-01,
       8.56045410e-02, 7.80969560e-02, -5.51826544e-02, 9.04363915e-02,
       -1.24853261e-01, -1.58014551e-01, 9.21360999e-02, -1.18232191e-01,
       3.39892606e-04, 8.41177478e-02, 1.35338381e-01, -8.48374218e-02,
       3.56195539e-01, 1.06731847e-01, -5.74535355e-02, 2.56762803e-01,
       7.46855289e-02, -1.77100152e-02, 1.01853895e-03, 1.89830270e-02,
       2.92411726e-02, -6.22783266e-02, -1.66198052e-02, -2.56650057e-02,
       1.51198031e-02, -2.85171368e-03, -4.15171124e-02, -5.30719869e-02,
       1.08799510e-01, -4.92028221e-02, -1.58212800e-02, 1.66934871e-04,
       4.41957638e-02, 4.18221578e-02, 4.56606690e-03, 1.08425118e-01,
       8.15550014e-02, -4.31812182e-03, -9.18756351e-02, 2.08451953e-02,
       -1.35798350e-01, 1.21669434e-01, 7.94342533e-02, 3.69471833e-02,
       -9.22931209e-02, -7.02088773e-02, -4.81817052e-02,
       -2.04902999e-02, 1.15793236e-02, 5.13137244e-02, 6.38067573e-02,
       -1.43290550e-01, -3.15366350e-02, -6.35967478e-02,
       -2.10299287e-02, 7.69194067e-02, -9.94729903e-03, 1.69313364e-02,
       1.81282997e-01, -5.84786274e-02, -9.32973530e-03, -5.20522334e-02,
       6.18101582e-02, 5.51661327e-02, 2.99007520e-02, 1.08459570e-01,
       1.49815053e-01, 6.94145039e-02, -7.60067776e-02, -2.23676413e-02,
       -1.63385630e-01, 1.56535685e-01, 2.88197786e-01, -1.03463061e-01,
       -1.15916423e-01, -4.93211672e-02, -2.74613034e-02, 1.32541746e-01,
       -2.16786414e-01, 1.02134906e-01, -7.93411136e-02, -1.27781019e-01,
       4.40798849e-02, 7.18984380e-02, 2.18626842e-01, -5.26639186e-02,
       2.20147610e-01, -8.89114141e-02, 3.99821401e-02, -8.42069685e-02,
       2.16498692e-02, -2.95986801e-01, 1.15113996e-01, -9.85868648e-03,
       -2.92258393e-02, -2.81815394e-03, 1.34385712e-02, 9.89073217e-02,
       -2.51893513e-02, 3.90533209e-02, 2.47411370e-01, -4.14278321e-02,
       6.69716001e-02, -1.51394546e-01, 1.80953965e-01, -3.03008277e-02,
       3.35414022e-01, 2.58663177e-01, 1.02501675e-01, -9.27415639e-02,
       -6.35458007e-02, 2.84192383e-01, -1.16107747e-01, 1.38977747e-02,
       -9.73677412e-02, 2.81414259e-02, 1.11844376e-01, -1.84359744e-01,
       1.47966176e-01, -7.99425989e-02, 3.22298139e-01, 1.72692582e-01,
       -1.89892083e-01, 5.70381572e-03, 1.34215906e-01, 1.03633069e-01,
       2.24346388e-02, -2.45314553e-01, -1.37191519e-01, 1.05146959e-01,
       8.59932676e-02, 1.12573460e-01, 4.63470258e-02, -4.35188748e-02,
       1.17781416e-01, 1.37626946e-01, 1.05280019e-01, 6.35255454e-03,
       4.70699035e-02, 1.66043699e-01, -6.70199236e-03, -8.36608708e-02,
       -1.82586789e-01, 2.73791980e-03, 1.69403926e-01, 1.12285055e-01,
       -9.39767733e-02, 7.77471811e-02, -5.62699884e-02, 3.63700502e-02,
       -8.06568265e-02, 2.94144183e-01, 4.95956726e-02, 5.38200624e-02,
       -1.92106124e-02, -2.16927305e-01, -1.13799013e-01,
       -1.86878182e-02, -1.49361817e-02, 5.86792268e-02, 1.99527331e-02,
       -7.73928240e-02, 1.77829146e-01, -9.00064334e-02, 1.79066390e-01,
       -2.15108208e-02, -6.40717372e-02, 2.65651315e-01, 5.31702712e-02,
       -2.96453893e-01, -3.21859028e-03, -4.17392366e-02, 1.34056378e-02,
       -3.47718336e-02, 4.01336849e-02, -5.58716096e-02, -7.03197494e-02,
       -9.32397246e-02, 6.98501021e-02, 7.29119480e-02, 2.53978252e-01,
       1.54398218e-01, 3.06935012e-01, 7.63245001e-02, -2.34532151e-02,
       -1.10733286e-01, -7.93238655e-02, -6.89284652e-02,
       -3.13122533e-02, -9.85884741e-02, -1.87418580e-01,
       -6.55765608e-02, -3.21667572e-03, -2.85439551e-01,
       -1.80646405e-01, 3.98286968e-01, -3.41858566e-02, -1.71758402e-02,
       4.12892736e-03, 5.90764396e-02, 5.54554686e-02, -1.43864065e-01,
       -3.60590369e-02, -6.46887124e-02, -2.06365809e-02, 5.34766093e-02,
       -2.62214616e-03, -1.06308917e-02, 1.94827750e-01, -5.31617701e-02,
       -8.98353581e-04, -1.92953292e-02, 7.52691254e-02, 6.07469603e-02,
       3.67276073e-02, 1.32289216e-01, 1.85366288e-01, 9.69964787e-02,
       -1.53121442e-01, 4.27273847e-02, -5.53921983e-02, 2.01517940e-01,
       1.80974439e-01, -1.30941689e-01, 7.60133285e-03, -6.05133660e-02,
       -2.77912989e-02, -1.49620408e-02, 5.34028921e-04, 9.17627141e-02,
       6.17228225e-02, -1.24010414e-01, -7.81771615e-02, -2.93213706e-02,
       -2.35175062e-02, 1.08541109e-01, 4.59015109e-02, -7.17158541e-02,
       2.38671992e-02, 4.88130748e-02, -3.92072689e-04, 1.86301008e-01,
       1.06152527e-01, -1.56313460e-02, 1.16788149e-01, 1.72801428e-02,
       -9.59440470e-02, 1.00474149e-01, -1.08536504e-01, -6.57317638e-02,
       -3.77330817e-02, -9.07281935e-02, 8.29654858e-02, -1.28322095e-01,
       2.55569518e-01, -7.74703771e-02, 6.07166579e-03, -2.09201604e-01,
       -3.43984887e-02, -1.62079275e-01, -7.11106956e-02,
       -7.06394240e-02, 4.92573082e-02, -1.13355331e-01, 6.85308874e-02,
       -2.66326040e-01, 1.04895525e-01, 3.47912163e-01, 1.30854115e-01,
       9.83951464e-02, 1.44766510e-01, 2.52837151e-01, -1.85640750e-03,
       1.67717576e-01, 2.36548290e-01, 1.68264449e-01, -4.83642481e-02,
       7.52394199e-02, 6.88653812e-02, 5.09853028e-02, 1.69444576e-01,
       5.46601042e-03, -2.37304077e-01, 1.83760822e-02, -5.80545329e-02,
       9.52552911e-03, -3.34303863e-02, 7.34031126e-02, -2.31389597e-01,
       8.22682753e-02, -1.40756518e-01, -2.01219425e-01, -1.34136438e-01,
       3.30317803e-02, -1.43302202e-01, 4.48101759e-02, -1.53880611e-01,
       -4.96494491e-03, -2.90310234e-01, -8.99369121e-02, 2.43191645e-01,
