%YAML:1.0
reducer: !!opencv-matrix
   rows: 60
   cols: 30
   dt: f
   data: [ 1.53945627e+001, 7.08469162e+001, 6.13345871e+001,
       4.61867714e+001, 3.63391838e+001, -7.55467415e+000,
       7.26651907e+000, -2.14371185e+001, 1.59129267e+001,
       8.27428758e-001, 5.85286446e+001, -1.60012550e+001,
       -6.90854416e+001, 2.57655392e+001, -5.64308395e+001,
       1.12356405e+001, -4.32999649e+001, 4.38674088e+001,
       -6.41923904e+000, -3.28701820e+001, 2.04679966e+001,
       5.71969490e+001, 3.49200325e+001, 2.64655075e+001,
       9.20660114e+000, -2.65502014e+001, -5.11275253e+001,
       5.86230087e+001, 9.95031297e-001, 5.01153526e+001,
       -2.18188782e+001, -1.00626450e+001, -3.48829803e+001,
       -1.70195122e+001, 1.74546659e+000, 6.20170746e+001,
       1.37545042e+001, -2.26173229e+001, 6.64445102e-001,
       2.38755016e+001, -3.93598061e+001, 4.71605301e+001,
       4.13488960e+001, -3.67903061e+001, 5.31414528e+001,
       1.90030632e+001, 3.77593130e-001, 1.69558849e+001,
       3.88340950e+001, 6.75228548e+000, -4.86479492e+001,
       -3.08379841e+001, -6.25186882e+001, -1.41720228e+001,
       6.24694157e+000, -2.38042507e+001, 2.35762920e+001,
       -3.05382767e+001, 2.36155529e+001, -9.33177185e+000,
       4.29031487e+001, 1.11485855e+002, 9.63030472e+001,
       1.00000053e+002, 4.02948875e+001, -2.24554901e+001,
       8.52213955e+000, -4.11690559e+001, 1.13366680e+001,
       2.34401584e+000, 1.12715538e+002, -1.84200325e+001,
       -1.09967598e+002, 5.43109398e+001, -9.36330338e+001,
       1.30236082e+001, -8.04661865e+001, 3.76301270e+001,
       -8.10199738e+000, -3.56339035e+001, 1.08590937e+001,
       5.48556709e+001, 6.38040695e+001, 2.17190228e+001,
       2.61584778e+001, -4.73836327e+001, -7.04207382e+001,
       6.22063484e+001, -5.66681719e+000, 8.04816208e+001,
       -8.23760681e+001, 7.74122238e+001, 2.97425476e+002,
       -8.79935532e+001, 5.38688421e+000, 3.10460224e+001,
       -1.17848577e+001, -7.24312057e+001, -8.29942856e+001,
       -3.70505829e+001, -3.20819116e+000, -9.98234024e+001,
       -1.15931892e+002, 1.48033173e+002, -2.03329987e+002,
       -1.65644245e+001, 4.82927895e+001, 6.63301468e+001,
       -6.89626999e+001, 1.41607834e+002, 3.56340393e+002,
       4.11892967e+001, 1.84386276e+002, -1.77802444e+002,
       -6.88345108e+001, 2.22305634e+002, -5.48009949e+001,
       2.73975189e+002, -2.82184582e+001, 2.77740598e+000,
       -4.01200066e+001, -1.98159161e+001, -2.56981392e+001,
       -3.59127121e+001, -1.49128604e+000, 5.92226563e+001,
       1.72628250e+001, -3.11385059e+001, -1.42720968e-001,
       2.73521996e+001, -5.42785988e+001, 5.35459251e+001,
       5.86556854e+001, -4.55653763e+001, 7.54566116e+001,
       1.99041348e+001, 1.48064127e+001, 2.99224777e+001,
       4.28599091e+001, -1.10997593e+000, -4.26568260e+001,
       -3.30514717e+001, -6.05954704e+001, -1.99898243e+001,
       -6.34153318e+000, -1.72855110e+001, 3.72201347e+001,
       -2.98812313e+001, 3.55698586e+001, -1.28830214e+001,
       2.20579987e+002, -4.07812462e+001, 1.69589233e+001,
       1.93530365e+002, -1.69055443e+001, -1.61595688e+002,
       -2.70043736e+001, 3.59585327e+002, 2.78666168e+002,
       -2.08036652e+001, 1.81531372e+002, -2.75429306e+001,
       -2.92054688e+002, 1.45329376e+002, -3.31025208e+002,
       -2.68506184e+001, -2.64622040e+002, -1.42244400e+002,
       -1.83353710e+001, -1.44499329e+002, 1.98977585e+001,
       -1.28801315e+002, 1.81098969e+002, 3.28291504e+002,
       5.07665070e+002, -2.76133972e+002, -2.39876297e+002,
       7.64297485e-001, 2.51228542e+001, 2.75992767e+002,
       1.37743820e+002, 5.26637634e+002, 3.18579834e+002,
       2.54079483e+002, 6.08784218e+001, 6.17471390e+001,
       -1.98801155e+001, 6.86484222e+001, -6.69747314e+001,
       -6.34788094e+001, 3.41160034e+002, -1.74869339e+002,
       -4.35167908e+002, 3.12254272e+002, -4.99741547e+002,
       -3.65081406e+001, 1.34719696e+002, 9.65290737e+000,
       -1.35431961e+002, -2.37156296e+002, 3.79046906e+002,
       7.07494934e+002, 3.66504303e+002, 7.97330046e+000,
       -3.90033379e+001, -9.13159485e+001, -4.66981720e+002,
       5.65721436e+002, -6.64397812e+001, 1.12677521e+002,
       1.47388687e+002, 9.97668686e+001, 1.09224228e+002,
       2.39005569e+002, 1.07185226e+002, -2.28405716e+002,
       -1.89728146e+001, 1.35536697e+002, 2.39029755e+002,
       -3.93322144e+001, 4.74904633e+002, -7.83344345e+001,
       -3.93765137e+002, 2.97118286e+002, -4.34184540e+002,
       -3.28619766e+001, -2.99449463e+002, -1.12122803e+002,
       -5.92863350e+001, -1.85590714e+002, 3.16728640e+000,
       6.69590073e+001, 2.76455017e+002, 3.34227661e+002,
       3.72206207e+002, -2.97746490e+002, -3.27694672e+002,
       1.39815414e+002, -2.89504662e+001, 3.72885071e+002,
       5.53981140e+002, 1.59813766e+002, -8.77263031e+001,
       4.58843475e+002, 3.40663414e+001, -3.21264130e+002,
       -2.87880077e+001, 5.18007385e+002, 1.93022446e+002,
       -4.00790482e+001, 5.34340515e+002, -1.03122833e+002,
       -5.92244629e+002, 3.08830658e+002, -4.90121887e+002,
       -4.71584167e+001, -3.81830841e+002, -1.29919113e+002,
       -8.99241867e+001, -5.35669556e+002, 1.60040070e+002,
       3.22403259e+002, 4.18329071e+002, 3.71684845e+002,
       3.43956268e+002, -4.11044861e+002, -5.05131073e+002,
       1.42914124e+002, -7.59695864e+000, 2.83950592e+002,
       -5.82577209e+002, -3.86969666e+002, -1.88294678e+002,
       -6.16157349e+002, -1.25055443e+002, 3.87756805e+002,
       2.26035690e+001, -3.18314026e+002, -2.16667755e+002,
       4.16809082e+001, -7.95201111e+002, 1.32985504e+002,
       8.30085022e+002, -5.67669922e+002, 7.54149170e+002,
       5.32531471e+001, 5.51871277e+002, 1.38742691e+002,
       1.16947525e+002, 6.10677917e+002, -2.21410522e+002,
       -3.91795868e+002, -6.64186829e+002, -4.21303528e+002,
       -3.28779999e+002, 5.36817383e+002, 6.38093201e+002,
       -3.63296387e+002, 2.28323555e+001, -4.35896027e+002,
       9.81852951e+001, 6.91508484e+001, 3.99625282e+001,
       1.37672195e+002, 4.32887726e+001, -8.41467896e+001,
       2.97327065e+000, 2.21841145e+001, 6.55825653e+001,
       -2.26582736e-001, 1.49842484e+002, -1.29094563e+001,
       -1.24691116e+002, 5.89739609e+001, -1.04783958e+002,
       -1.92364550e+000, -1.21740501e+002, -1.62450638e+001,
       -1.12201748e+001, -1.30182877e+002, -5.99208908e+001,
       4.42319298e+001, 8.24743347e+001, 1.31688980e+002,
       6.87099915e+001, -1.32365387e+002, -8.20263214e+001,
       2.62362728e+001, -4.88249016e+000, 9.38247986e+001,
       3.09748901e+002, 2.74812683e+002, 1.79374069e+002,
       2.65592224e+002, 6.90991364e+001, -2.48393341e+002,
       -2.88642273e+001, 1.31966339e+002, -1.49055376e+001,
       -5.00821724e+001, 5.21006531e+002, -1.43739014e+002,
       -5.69555359e+002, 5.45880615e+002, -5.95849854e+002,
       -4.23311081e+001, -3.28886688e+002, -3.03208637e+001,
       -1.04536308e+002, -2.72625183e+002, 4.36005066e+002,
       2.75212219e+002, 5.59412720e+002, 2.76210442e+001,
       5.33483200e+001, -2.11250015e+002, -4.91786011e+002,
       3.79317780e+002, -3.06460400e+001, 1.88288361e+002,
       4.10161499e+002, 5.25484741e+002, 5.67791138e+002,
       4.98712799e+002, 7.07166061e+001, -2.23502914e+002,
       -2.40024128e+001, 5.64283981e+001, 8.27705383e+001,
       -5.07259064e+001, 5.37174438e+002, -1.74520782e+002,
       -6.54831299e+002, 5.34221802e+002, -7.35656006e+002,
       -4.37586441e+001, -3.64888031e+002, -2.07631207e+001,
       -1.24907974e+002, -3.94800476e+002, 2.43738403e+002,
       3.59612000e+002, 6.78051941e+002, 2.04260712e+002,
       1.77896667e+002, -4.09904388e+002, -5.36649048e+002,
       5.34764954e+002, -3.80670738e+001, 3.46042908e+002,
       -2.68435669e+002, -6.14051666e+001, -1.27840519e+001,
       -2.79890198e+002, -5.42280807e+001, 3.13422638e+002,
       2.84109287e+001, -1.12634804e+002, -1.54182602e+002,
