%YAML:1.0
mean: !!opencv-matrix
   rows: 1
   cols: 128
   dt: f
   data: [ 3.83698273e+001, 1.39853144e+001, 1.71562099e+001,
       2.35767708e+001, 3.20413895e+001, 1.70080109e+001,
       2.07997341e+001, 3.50961304e+001, 3.60720978e+001,
       2.90534058e+001, 4.16114845e+001, 2.69372501e+001,
       2.79652882e+001, 3.89919891e+001, 6.55353851e+001,
       5.02683601e+001, 1.85260353e+001, 2.06675568e+001,
       3.18144207e+001, 2.62323112e+001, 3.77503357e+001,
       4.32243004e+001, 5.17583466e+001, 2.49933262e+001,
       1.04245663e+001, 8.41121578e+000, 1.15206947e+001,
       6.83978653e+000, 1.62696934e+001, 1.27009354e+001,
       1.14485989e+001, 6.58611488e+000, 7.85580826e+001,
       3.67690277e+001, 2.95473976e+001, 3.59906540e+001,
       5.10814438e+001, 3.53177567e+001, 3.46501999e+001,
       4.89773064e+001, 7.85821152e+001, 6.30133553e+001,
       7.94285736e+001, 6.96875839e+001, 7.28451309e+001,
       6.79786377e+001, 8.38771744e+001, 7.93564758e+001,
       5.50413895e+001, 5.10640869e+001, 6.34499359e+001,
       6.12149544e+001, 8.55020065e+001, 6.90507355e+001,
       6.61388550e+001, 5.01749039e+001, 1.83177586e+001,
       9.37917233e+000, 1.64712963e+001, 1.47089462e+001,
       3.42042732e+001, 1.54806414e+001, 1.81014690e+001,
       1.12456617e+001, 6.67156219e+001, 4.33097496e+001,
       2.23257694e+001, 2.22243004e+001, 3.56755676e+001,
       2.32643528e+001, 1.74926567e+001, 2.47463303e+001,
       6.48678284e+001, 5.92777061e+001, 6.77276382e+001,
       6.85821152e+001, 5.81642227e+001, 5.12763710e+001,
       5.72056084e+001, 5.04419250e+001, 4.21802406e+001,
       4.72403221e+001, 5.61869202e+001, 6.26288414e+001,
       7.03431244e+001, 4.64686279e+001, 4.63204308e+001,
       3.51909218e+001, 1.64579449e+001, 8.10547447e+000,
       1.17850475e+001, 1.66862488e+001, 2.81602154e+001,
       8.29372501e+000, 1.05500669e+001, 8.34846497e+000,
       2.96835785e+001, 2.43377838e+001, 1.20667562e+001,
       7.80373859e+000, 1.37476645e+001, 1.53604813e+001,
       1.17182913e+001, 1.35393867e+001, 2.26341801e+001,
       3.22042732e+001, 3.80453949e+001, 2.48344479e+001,
       2.39759693e+001, 2.91335125e+001, 2.75821114e+001,
       1.69799747e+001, 1.52109489e+001, 1.28477974e+001,
       2.44432583e+001, 3.37743683e+001, 2.85901222e+001,
       1.54499340e+001, 1.96528721e+001, 1.68838463e+001,
       8.90921307e+000, 5.32977343e+000, 6.86648893e+000,
       8.22964001e+000, 9.03204346e+000, 5.08811760e+000,
       6.27903891e+000, 5.20827770e+000 ]
