%YAML:1.0
reducer: !!opencv-matrix
   rows: 40
   cols: 30
   dt: f
   data: [ -8.60976055e-003, -2.40751705e-003, 1.79961361e-002,
       -1.20234661e-001, -4.12094221e-002, 8.99258479e-002,
       -8.23134929e-002, 1.63156852e-001, -1.79175567e-002,
       1.01962453e-002, -4.91925739e-002, -1.06979394e-003,
       2.10102841e-001, -3.39309648e-002, -5.56810535e-002,
       2.68919487e-002, 1.20582610e-001, 7.10975677e-002,
       -2.11251080e-002, 2.15345249e-001, -9.50513259e-002,
       1.48796067e-001, 3.99686582e-002, 2.07658216e-001,
       8.06263611e-002, -7.27619408e-005, 4.61243503e-002,
       2.00648662e-002, 1.20341673e-001, 1.83546841e-001,
       -4.08163406e-002, 2.17729323e-002, 6.30450845e-002,
       -1.56034425e-001, -1.27706662e-001, 1.36241823e-001,
       -3.71720865e-002, 2.39861369e-001, -2.17428361e-003,
       3.45926397e-002, -1.80293545e-001, 1.90052792e-001,
       2.50931263e-001, -1.58245340e-001, 1.72730967e-001,
       -7.81703889e-002, 1.50182322e-001, 7.64210448e-002,
       -9.70116705e-002, 8.88951495e-002, -2.47842818e-001,
       3.74612287e-002, -2.30569579e-002, -1.13063678e-001,
       5.64110801e-002, -9.87709835e-002, 1.46202845e-002,
       -9.94197577e-002, -2.33262286e-001, 1.11861922e-001,
       -2.21519917e-002, 1.24280052e-002, 6.58416152e-002,
       -6.61258325e-002, -8.54384229e-002, 5.95608652e-002,
       -9.16912854e-002, 8.51434991e-002, -6.14354946e-002,
       -3.30588371e-002, -1.18639842e-001, 1.61146939e-001,
       1.17518343e-002, 2.53313500e-002, 7.40331784e-002,
       -1.56081915e-001, 4.31768186e-002, -8.56717676e-002,
       -4.68282355e-003, -1.03475958e-001, 8.74570906e-002,
       -6.45813346e-002, -8.96608531e-002, 4.96012494e-002,
       -1.14884563e-002, 1.30458465e-002, -7.95792714e-002,
       1.69660128e-003, -8.46628398e-002, -1.59903750e-001,
       8.13185349e-002, -3.23133707e-001, -1.62794188e-001,
       3.21310967e-001, -3.18229020e-001, -1.52879789e-001,
       -1.43304586e-001, -9.32825729e-003, -4.96973023e-002,
       2.58823991e-001, 4.04422134e-002, 1.87206399e-002,
       -7.04378113e-002, -2.81910509e-001, -1.28143728e-001,
       1.50202200e-001, 1.60316676e-001, 1.79802150e-001,
       1.05556943e-001, 3.50635732e-004, 7.63341859e-002,
       -1.11400381e-001, -1.61056757e-001, 1.55701280e-001,
       1.26008689e-001, 1.02859348e-001, 1.95493460e-001,
       -4.75763418e-002, 7.97614306e-002, -3.14388037e-001,
       4.51644845e-002, 1.85961038e-001, 1.58260196e-001,
       8.25743824e-002, -7.34849125e-002, 1.47641659e-001,
       -1.54392719e-001, -5.14419982e-003, -1.37432531e-001,
       3.38074684e-001, 2.11215556e-001, 1.29750833e-001,
       -1.06336050e-001, 1.41166687e-001, -3.44094671e-002,
       3.73004079e-002, -2.16361687e-001, 3.12189665e-002,
       -8.48658662e-003, 8.45674276e-002, -4.49715480e-002,
       -1.03021875e-001, 1.09546103e-001, -4.07082699e-002,
       -1.27671972e-001, -1.52861148e-001, 9.56583992e-002,
       2.12086171e-001, 2.39624709e-001, 2.40377530e-001,
       -5.33796800e-003, -8.95193312e-003, 6.77683530e-003,
       -4.04065996e-002, -2.77981255e-002, 3.07388306e-002,
       -3.58688533e-002, 8.85604545e-002, -4.76303026e-002,
       5.31943701e-003, 1.58522949e-002, -9.91597865e-003,
       1.37596354e-001, 2.05282755e-002, 2.60353703e-002,
       3.09565142e-002, 1.68883149e-002, 8.29952508e-002,
       -1.70566440e-002, 4.26586606e-002, -5.70336394e-002,
       7.53048807e-002, 1.74141768e-002, 1.35943770e-001,
       5.40707819e-003, 4.90737073e-002, 1.15019627e-001,
       1.30764237e-002, 7.43447617e-002, 8.88924897e-002,
       -1.45347118e-002, 6.20329846e-003, 3.09283063e-002,
       -6.76968023e-002, -5.66810742e-002, 1.20284148e-001,
       -5.56735806e-002, 1.16028339e-001, -6.55872654e-003,
       4.07459885e-002, 1.44214584e-002, 3.14358651e-004,
       1.47856966e-001, -3.98346931e-002, 2.55457517e-002,
       3.89624611e-002, 3.71743664e-002, 1.86545864e-001,
       1.53706670e-002, 1.42394498e-001, -3.46751697e-002,
       1.45195633e-001, -2.31630821e-002, 2.39953116e-001,
       -8.24341774e-002, 4.20756340e-002, 5.74291572e-002,
       6.02982827e-002, -1.35899279e-002, -2.94783078e-002,
       3.26072276e-001, 9.19816643e-002, -5.47332224e-003,
       3.72913271e-001, 1.27733769e-002, -1.78032711e-001,
       4.13994817e-003, 6.06748462e-002, 1.30049080e-001,
       -6.19454160e-002, -2.78522104e-001, 1.48033157e-001,
       1.02049552e-001, 2.53295362e-001, 1.37449905e-001,
       2.03955248e-001, -4.40243818e-002, -3.89332354e-001,
       -1.41604513e-001, -7.49826059e-002, -6.62576333e-002,
       8.52080733e-002, 4.34364704e-003, 1.19461939e-001,
       2.27679148e-001, 2.07872778e-001, -6.36326596e-002,
       1.02671579e-001, 1.58730194e-001, 7.87382573e-002,
       1.62413105e-001, -2.30451941e-001, 1.43474773e-001,
       -1.59377545e-001, 1.45832211e-001, 4.73127440e-002,
       6.76430687e-002, -4.21971502e-003, -3.08665127e-001,
       3.30556840e-001, -1.79028541e-001, -2.93405920e-001,
       1.07202262e-001, -1.11040138e-001, 2.73174495e-002,
       -3.48352604e-002, -2.14823529e-001, -6.36666119e-002,
       -2.51998037e-001, -3.27198654e-002, -3.82165089e-002,
       1.46624655e-001, -2.79021740e-001, -1.95982650e-001,
       -4.14802060e-002, 1.26120687e-001, -3.53040218e-001,
       2.99230590e-002, 6.02125227e-002, -3.26018259e-002,
       2.76727509e-002, 4.00871187e-002, 1.03927054e-001,
       2.65195165e-002, -6.99409321e-002, 9.44471955e-002,
       -2.21751064e-001, 3.62409018e-002, 7.19701797e-002,
       2.11555764e-001, 1.27661005e-001, 1.20812170e-001,
       -8.55152458e-002, 4.68697660e-002, -1.75376654e-001,
       -2.69196723e-002, -2.20537961e-001, -8.96341540e-003,
       2.19967037e-001, 3.76240872e-002, 1.24572292e-001,
       4.56916587e-003, -1.91295035e-002, -9.91359875e-002,
       -2.32565925e-002, -1.45100549e-001, -1.13991126e-001,
       -2.31473707e-002, 2.45069489e-001, 1.96339935e-001,
       3.60792756e-001, -7.00124679e-003, -2.85581291e-001,
       2.26740018e-002, -2.24777348e-002, -2.55202670e-002,
       1.38162449e-001, 1.38217181e-001, 1.65611401e-001,
       6.63252845e-002, 2.15718988e-002, 1.74728874e-002,
       2.51978576e-001, 8.59269574e-002, -3.82746849e-003,
       -3.58079165e-001, -1.64828420e-001, -2.23115712e-001,
       2.00249821e-001, 2.92925715e-001, -1.24817761e-002,
       -2.23639622e-001, -2.11576611e-001, 3.45804952e-002,
       -1.99156299e-001, -1.34896962e-002, 2.05076545e-001,
       7.13185826e-003, -1.07612155e-001, 8.25391412e-002,
       -1.32053560e-002, 3.02387023e-004, 4.62728702e-002,
       -5.75515032e-002, -6.10359609e-002, 1.20899454e-001,
       -5.13821244e-002, 8.54531080e-002, -3.35878842e-002,
       4.10806425e-002, -3.62640247e-003, 1.43369427e-002,
       2.05170855e-001, -8.77149682e-003, -3.28878909e-002,
       7.00070858e-002, -5.95573615e-003, 1.45072788e-001,
       4.53810543e-002, 3.30648525e-003, -2.41828822e-002,
       1.40192389e-001, 1.77793875e-002, 2.44897097e-001,
       -1.08891122e-001, 7.50760436e-002, 4.58463356e-002,
       1.03606999e-001, -1.04925288e-002, 3.06104985e-003,
       -1.76196974e-002, -6.18685829e-003, 6.97529987e-002,
       -4.52020466e-002, -1.14836670e-001, 8.62195417e-002,
       -8.12019706e-002, 9.10546929e-002, -4.15855832e-003,
       -7.55346101e-003, -9.27096233e-002, 4.38894033e-002,
       3.29716951e-002, 7.41112456e-002, -1.25781372e-001,
       -1.00384407e-001, -3.31728980e-002, -8.08213800e-002,
       2.06158593e-001, 7.88093731e-002, 1.65476441e-001,
       1.77141324e-001, 9.10760555e-003, 8.83789808e-002,
       -2.27180183e-001, 1.07673503e-001, -1.56211272e-001,
       1.38932511e-001, -4.39524055e-002, -3.01697075e-001,
       2.67711300e-002, -3.24119925e-002, 1.48197943e-002,
       -5.76016493e-002, 3.85995992e-002, 5.11147939e-002,
       -8.93410146e-002, 1.20404713e-001, 6.35120943e-002,
