%YAML:1.0
reducer: !!opencv-matrix
   rows: 60
   cols: 30
   dt: f
   data: [ 0., -3.42504791e+02, 4.46625023e+01, -1.51572021e+02,
       7.59894323e+00, -1.75033218e+02, -3.10486660e+01, -8.23481560e+00,
       -1.46240372e+02, -7.00920439e+00, -2.02151367e+02,
       -4.35625267e+01, 3.13373138e+02, -8.16255722e+01, -2.05967239e+02,
       -1.05564522e+02, 2.12955566e+02, 1.29390152e+02, -1.36159195e+02,
       2.17376755e+02, -7.94412766e+01, 1.02180862e+01, -1.85987991e+02,
       2.59511627e+02, -1.55289078e+02, -1.39883301e+02, 2.93391815e+02,
       1.60738235e+02, -1.46073181e+02, 2.71123657e+02, 0.,
       -1.28082687e+02, -5.98108649e-01, 2.60416718e+01, -1.74162865e+01,
       -1.83540894e+02, -1.92935165e+02, 4.85956421e+01, -1.22288532e+01,
       -2.81184723e+02, -2.02786087e+02, -1.21816002e+02, 5.50447769e+01,
       -2.66578461e+02, -8.53274841e+01, 3.06456890e+01, 9.94413834e+01,
       1.11671822e+02, 5.53519058e+00, 3.10409424e+02, -1.95762817e+02,
       4.22107277e+01, -3.23159821e+02, 3.36663757e+02, -8.86869125e+01,
       1.06674789e+02, 3.43705536e+02, 6.23458748e+01, 1.49050934e+02,
       9.88828430e+01, 0., -3.04931091e+02, 1.52325897e+02,
       -2.42104492e+02, 5.12620697e+01, -7.00789642e+01, -1.27690720e+02,
       -3.12321949e+01, -2.49610062e+02, -3.16689053e+01,
       -1.66549500e+02, -3.68168488e+01, 5.48503174e+02, 1.23766909e+01,
       -2.23736542e+02, -1.93371674e+02, 3.10941650e+02, 4.89826660e+01,
       -2.44867111e+02, 2.47091293e+01, 7.08235703e+01, -3.19743805e+01,
       1.55856674e+02, 1.68775375e+02, -2.64249268e+02, -2.11120438e+02,
       1.93384399e+02, 2.68988434e+02, -4.12732452e+02, 2.35894424e+02,
       0., 1.06578875e+01, 1.38170881e+01, 7.84041367e+01,
       -1.84287376e+01, -2.35043659e+01, -1.19272223e+01, 2.83364754e+01,
       5.63145142e+01, -4.03242645e+01, 4.18200779e+00, -3.43252258e+01,
       -5.79175682e+01, 2.62285328e+00, 4.89191437e+01, 3.73001785e+01,
       -2.96310730e+01, -1.74239235e+01, 4.91357765e+01, -8.46094990e+00,
       -3.95321312e+01, 2.01966019e+01, -8.41144104e+01, -4.25397110e+00,
       4.28585510e+01, 3.21864700e+01, -8.00461292e+00, -5.12778807e+00,
       3.88772736e+01, -1.84417877e+01, 2.18026382e+02, 1.52717407e+02,
       -4.73649101e+01, -6.34822655e+01, 3.60687523e+01, 2.34198914e+02,
       2.34329529e+02, -5.38224945e+01, -3.86487503e+01, 3.15143829e+02,
       2.24667297e+02, 2.36707474e+02, -5.41976166e+01, 2.95555359e+02,
       6.81643372e+01, -3.52949028e+01, -1.12708412e+02, -1.01670250e+02,
       1.30511513e+01, -2.73650482e+02, 2.51658875e+02, -6.59501495e+01,
       5.09068085e+02, -3.62498840e+02, 1.00184311e+02, -6.78875275e+01,
       -4.09995544e+02, -1.10455032e+02, -1.31586990e+02,
       -1.65712357e+02, 1.01339989e+01, -8.12922096e+00, 2.55835037e+01,
       5.49008179e+01, -1.30564365e+01, -3.16085052e+01, -9.85954285e+00,
       2.50937080e+01, 3.93486443e+01, -3.99591713e+01, -1.71814709e+01,
       -3.88599396e+01, -2.34272003e+01, -1.14459457e+01, 1.68968391e+01,
       2.42829800e+01, -1.33393955e+01, -6.22473764e+00, 2.69575081e+01,
       1.87475705e+00, -3.63577156e+01, 1.82441254e+01, -7.27240601e+01,
       1.62544498e+01, 1.77955284e+01, 2.48893738e+01, 6.73636103e+00,
       1.69130154e+01, 2.07823601e+01, -2.78811002e+00, -1.61864491e+01,
       -2.79443634e+02, 1.02512032e+02, -7.19613342e+01, -2.71418953e+00,
       -1.93209915e+02, -2.04935760e+02, 4.67844582e+01, -9.89277954e+01,
       -2.21378235e+02, -2.23318176e+02, -8.11132278e+01, 3.10443848e+02,
       -1.16937332e+02, -1.08340401e+02, -7.29464264e+01, 3.01481415e+02,
       6.36247215e+01, -4.53072815e+01, 1.10372574e+02, -5.56049767e+01,
       1.95275326e+01, -1.05375603e+02, 2.49146286e+02, -9.75024643e+01,
       -3.10233879e+01, 2.63717773e+02, 2.22240707e+02, -1.61126755e+02,
       2.35799088e+02, 6.11827970e-01, -3.56168594e+01, 1.12341814e+01,
       1.08438892e+01, -3.88506675e+00, -3.00513077e+01, -5.61126757e+00,
       1.42211838e+01, 5.68977070e+00, -3.81061325e+01, -3.42158699e+01,
       -1.27689238e+01, -1.17431056e+00, -2.34684734e+01,
       -8.49100494e+00, 1.41946974e+01, 1.20501509e+01, 1.57567635e+01,
       7.69404840e+00, 8.79180431e+00, -2.72264328e+01, 2.36596489e+01,
       -3.53234024e+01, 1.88868961e+01, -3.85290563e-01, -1.16441746e+01,
       2.02897511e+01, 1.58250923e+01, 5.24061584e+00, 2.58961143e+01,
       -5.42711020e+00, 2.41738861e+02, -2.00657852e+02, 2.92563972e+01,
       9.66895103e+00, 1.53031952e+02, 1.97638138e+02, -3.71014595e+01,
       6.24306297e+01, 1.59871201e+02, 1.35689270e+02, 1.55500183e+02,
       -2.42054657e+02, 2.79888096e+01, 4.75355721e+01, 5.86232262e+01,
       -1.47949142e+02, 1.55486650e+01, 6.03878288e+01, -8.25184479e+01,
       1.82899414e+02, -4.39469376e+01, 1.68255234e+02, -1.61885956e+02,
       1.49542465e+02, 6.57832489e+01, -2.64198425e+02, -1.76075027e+02,
       9.74011917e+01, -1.72740295e+02, 2.64344391e+02, 3.18270626e+01,
       5.65261269e+01, -1.04481697e+02, 4.93752556e+01, 2.66403778e+02,
       2.85322144e+02, -8.75060120e+01, -9.03357849e+01, 3.15121429e+02,
       2.21642303e+02, 1.83063553e+02, 4.52203407e+01, 3.60413330e+02,
       1.88982029e+01, -1.24117294e+02, -1.12910431e+02, -1.19288948e+02,
       -7.07364807e+01, -2.67121155e+02, 1.50486542e+02, -5.83542366e+01,
       5.13710388e+02, -3.69490082e+02, 8.65345383e+00, -1.24106529e+02,
       -3.23487671e+02, -4.09913559e+01, -1.80264084e+02,
       -1.34296310e+02, -4.97290182e+00, 3.06989155e+01, 1.23000536e+01,
       8.34991455e+01, -1.09419956e+01, 3.34842777e+00, -1.13921034e+00,
       2.13053379e+01, 3.64622421e+01, -3.74226913e+01, 1.11167250e+01,
       -3.14111786e+01, -6.41078110e+01, -3.54107332e+00, 3.40863571e+01,
       3.15477905e+01, -4.67475128e+01, -1.19585686e+01, 3.01896439e+01,
       1.42128019e+01, -5.24682884e+01, 2.36566792e+01, -5.50904770e+01,
       -2.58416152e+00, 2.12225208e+01, 4.79842339e+01, -1.29025345e+01,
       -3.92502046e+00, 6.52219391e+01, -4.05011177e+01, -6.92567825e+01,
       -2.78181305e+02, 5.55733223e+01, -1.24133163e+02, 2.53426760e-01,
       -2.52993729e+02, -2.08033905e+02, 2.61012268e+01, -1.32365677e+02,
       -1.80878296e+02, -2.56798767e+02, -3.75243225e+01, 3.44747253e+02,
       -1.69837143e+02, -1.45799789e+02, -8.48417969e+01, 3.53745667e+02,
       1.05060020e+02, -9.51969452e+01, 1.08570007e+02, 6.92152643e+00,
       1.28664789e+01, -1.38126709e+02, 2.71984589e+02, -1.29499146e+02,
       -7.95525818e+01, 2.83989258e+02, 2.29782272e+02, -1.63347672e+02,
       3.24243408e+02, 1.48329376e+02, -6.72308044e+01, -1.84385777e+01,
       -6.75141220e+01, 2.91440468e+01, 4.19069252e+01, 3.75333405e+01,
       -1.21002111e+01, -1.39969437e+02, 1.14874901e+02, 1.26158743e+01,
       1.52096481e+02, 1.74406799e+02, 9.03144455e+01, -6.97667160e+01,
       -1.08912506e+02, 1.08823059e+02, -1.39829798e+01, -7.60275803e+01,
       -6.07869568e+01, 2.36663162e+02, -5.89934006e+01, 2.94361481e+02,
       -5.68119926e+01, 6.73994446e+00, -5.89962082e+01, -1.34274475e+02,
       9.64749146e+01, -2.30407867e+02, 8.53007965e+01, 2.28501892e+02,
       -3.81063766e+01, 6.46941528e+01, 1.11286983e+01, 4.22092628e+01,
       5.74084473e+01, 1.08458061e+02, 3.01650696e+01, -1.35726028e+02,
       6.07101135e+01, 5.93864098e+01, 2.35650726e+02, 1.17094223e+02,
       -9.75680065e+00, -6.79677658e+01, -7.64904327e+01, 1.50418043e+00,
       -2.13216438e+01, -3.58063850e+01, 1.31758804e+01, 1.70260834e+02,
       -3.80667992e+01, 3.65699554e+02, -5.07032738e+01, -3.44949379e+01,
       2.67648182e+01, -2.34441406e+02, 5.86771927e+01, -1.25490189e+02,
       -6.82236710e+01, -7.60309372e+01, -6.85480118e+01, 6.75907745e+01,
       9.99137020e+00, 7.22632790e+00, -9.80650330e+01, -1.12059944e+02,
       5.55501785e+01, -6.98576279e+01, -1.30389725e+02, -9.28039093e+01,
       -1.09233179e+01, 1.20068291e+02, -2.12848618e+02, -8.47089615e+01,
