%YAML:1.0
reducer: !!opencv-matrix
   rows: 60
   cols: 30
   dt: f
   data: [ -1.41640082e-001, 3.45460027e-001, -7.36121759e-002,
       6.11516461e-002, 1.66096687e-001, 1.24422617e-001,
       -1.27181411e-001, -5.98670281e-002, 2.37193793e-001,
       5.72034679e-002, 4.77360711e-002, 6.78613633e-002,
       -4.46132757e-002, 6.40876293e-002, 4.38583717e-002,
       1.79450452e-001, -1.00340858e-001, -1.41766950e-001,
       -2.00832233e-001, 2.08203033e-001, -2.53563095e-002,
       -1.85738459e-001, -1.38528645e-001, -1.54502988e-001,
       8.83582309e-002, -5.88779710e-002, -2.94454377e-002,
       1.29468843e-001, -3.26650500e-001, -1.60540342e-002,
       6.63617486e-003, -8.30777586e-002, -6.66925758e-002,
       1.45102777e-002, -6.53247237e-002, -9.22022834e-002,
       1.60259098e-001, -8.06034803e-002, 1.55994430e-001,
       6.31873161e-002, -6.10447163e-003, 3.56537774e-002,
       -8.18686094e-003, -2.45400257e-002, -1.53703960e-002,
       -1.42413452e-002, -4.86294627e-002, -8.02983940e-002,
       -5.26078939e-002, -4.52523120e-002, -1.01214208e-001,
       6.91182762e-002, -9.26318392e-003, 4.14493047e-002,
       -1.42792687e-002, -3.15850452e-002, -1.52177913e-002,
       3.72617431e-002, 6.24344461e-002, -8.15269127e-002,
       1.52576221e-002, -9.32617635e-002, -1.83923598e-002,
       6.33678809e-002, -4.65017445e-002, -5.08389175e-002,
       1.60264641e-001, -1.37857035e-001, 1.68878287e-001,
       9.07866657e-002, -2.58603115e-002, 2.12945938e-002,
       -2.56622746e-003, -1.04085483e-001, 1.99833550e-002,
       -4.18298878e-002, -2.36829251e-001, -9.68615338e-002,
       -1.81878924e-001, -1.50446832e-001, -5.10017648e-002,
       1.47239029e-001, -4.29390743e-002, -3.98538187e-002,
       5.54291159e-003, 1.08727194e-001, 4.69198413e-002,
       -7.50111565e-002, 1.06422715e-001, 7.25629106e-002,
       -9.39818323e-002, 3.05156231e-001, 1.34068087e-001,
       1.54560685e-001, 1.14768282e-001, -6.43113032e-002,
       -5.55691645e-002, -6.88531324e-002, 8.72551277e-002,
       -6.45311996e-002, 2.57666081e-001, 8.94803032e-002,
       1.12144023e-001, -7.74378702e-002, 5.59228025e-002,
       2.80167848e-001, -1.05039096e-002, 1.32021606e-001,
       2.05102786e-001, 7.71865994e-002, -1.74013108e-001,
       8.55560601e-002, 5.28374165e-002, -1.52639255e-001,
       7.82759935e-002, -8.40089321e-002, 2.37304941e-001,
       -1.17120117e-001, -9.51342732e-002, 9.40476879e-002,
       4.15162854e-002, -1.28835306e-001, -8.75505283e-002,
       6.80777878e-002, -5.12084551e-002, -5.04573733e-002,
       1.91625610e-001, -5.43655679e-002, 1.22143470e-001,
       5.95856011e-002, -4.41862196e-002, -2.34443285e-002,
       5.67327999e-002, 9.79886279e-002, -4.68202084e-002,
       7.82305282e-003, 2.26286709e-001, 1.14368297e-001,
       3.21097337e-002, 6.47808835e-002, 1.36086628e-001,
       1.07528597e-001, -2.01503411e-001, -1.39510203e-002,
       1.47409692e-001, -2.08550736e-001, -1.17115140e-001,
       -2.11141810e-001, 3.56336795e-002, -9.35969874e-002,
       7.18182558e-003, -1.23673946e-001, -6.55794293e-002,
       7.04468861e-002, -5.83175644e-002, -3.51843759e-002,
       1.34531006e-001, -9.01795328e-002, 2.42084026e-001,
       -2.83142533e-002, -4.13172543e-002, 1.64728239e-002,
       2.71495096e-002, -8.48018676e-002, -6.81382194e-002,
       -6.80116192e-002, -1.04758114e-001, 3.29137333e-002,
       5.83731867e-002, -9.11349654e-002, -1.86860129e-001,
       4.15679030e-002, 2.30965447e-002, 2.10216101e-002,
       -5.50419912e-002, 6.05852045e-002, 1.18921846e-002,
       -1.35488182e-001, -4.04460616e-002, 2.60830503e-002,
       -1.39508229e-002, -5.71531802e-002, -8.10321271e-002,
       1.33015335e-001, 1.37702152e-001, 7.12349489e-002,
       1.01318866e-001, -6.58521131e-002, 1.78374201e-001,
       1.27824351e-001, -2.58908328e-002, 3.81758586e-002,
       -2.63468549e-002, 4.95842919e-002, 7.60816932e-002,
       3.87710072e-002, -2.35560045e-001, -2.08882645e-001,
       -2.93811291e-001, -6.91684261e-002, 7.29472339e-002,
       8.51537660e-002, 8.18138868e-002, -1.01404175e-001,
       -2.13110936e-003, 1.51389062e-001, 6.64166659e-002,
       2.01671701e-002, 8.15763921e-002, 2.56964117e-001,
       1.11752346e-001, 1.54897682e-002, 3.79868835e-001,
       -7.45244250e-002, -8.79518241e-002, -1.94428295e-001,
       -1.07074969e-001, -9.94818583e-002, -4.00245301e-002,
       7.39722252e-002, -1.34263575e-001, 2.17251629e-001,
       1.01598851e-001, 3.46111685e-001, -1.63131982e-001,
       7.40821362e-002, -3.96579020e-002, 5.31477807e-003,
       -1.81226596e-001, -6.82401583e-002, 1.95600405e-001,
       6.06128983e-002, 4.21899736e-001, 8.10947791e-002,
       3.96547243e-002, -1.31251872e-001, -5.95467864e-004,
       2.27288958e-002, -4.90040109e-002, -1.31539255e-001,
       1.56895928e-002, -5.44502437e-002, -7.55342767e-002,
       -3.41636576e-002, -7.38837756e-003, -4.75788675e-002,
       8.18549246e-002, -8.76819044e-002, 8.41461942e-002,
       1.66295409e-001, 1.72132552e-001, 4.20752168e-003,
       -1.20313484e-002, 1.23563232e-002, -4.84321713e-002,
       -1.56249925e-002, 1.18048377e-001, 1.83689877e-001,
       3.53218950e-002, -1.04578279e-001, 1.29419491e-002,
       9.17515904e-002, -1.88755140e-001, -1.84693545e-001,
       -7.21480325e-002, -2.03180641e-001, 1.74142480e-001,
       7.17268931e-003, 7.61654824e-002, -4.34023999e-002,
       5.08139804e-002, 1.76069781e-001, 1.85175136e-001,
       -8.98650065e-002, -2.49294847e-001, -2.99636722e-001,
       7.43647665e-002, -5.16547710e-002, 1.21153362e-001,
       -4.14159223e-002, 5.28648011e-002, -2.95426734e-002,
       1.34813040e-001, 2.09256019e-002, 1.02066733e-001,
       2.41939798e-001, -3.34229320e-002, 4.08584456e-004,
       -4.41882610e-002, -2.62041297e-002, 1.32462397e-001,
       2.00788733e-002, -1.10739477e-001, 7.09570348e-002,
       -1.23263121e-001, 8.92234370e-002, 1.65957846e-002,
       1.27832949e-001, 8.00955370e-002, -5.30199669e-002,
       3.78069952e-002, -3.89710180e-002, -2.17707857e-001,
       -5.08224592e-004, 2.21719034e-002, -1.50607914e-001,
       2.87246823e-001, 5.18397987e-002, 3.66557464e-002,
       1.70628756e-001, -4.85037602e-002, 1.08557105e-001,
       -6.53206483e-002, 5.52608864e-003, -8.63846168e-002,
       3.44523877e-001, 2.44718626e-001, 1.95631400e-001,
       7.78778642e-003, 2.89452285e-001, 1.67667434e-001,
       -6.93184435e-002, -3.19186077e-002, 7.75074810e-002,
       1.69070765e-001, 3.11313599e-001, -4.67599295e-002,
       -9.34327021e-002, -1.43154368e-001, 1.45916641e-001,
       4.14138213e-002, 3.64732593e-002, 5.08289635e-002,
       -1.06976740e-001, -1.28617704e-001, -1.27835587e-001,
       1.22816032e-002, -1.30199464e-002, 1.29689416e-002,
       -1.12783080e-002, 5.47899865e-002, 8.42067897e-002,
       -9.64396913e-003, -5.63935712e-002, -4.90925200e-002,
       3.31678912e-002, -7.55680278e-002, -2.28134748e-002,
       7.07846731e-002, 5.81832714e-002, 1.36313746e-002,
       -6.81881327e-004, -3.57782021e-002, -4.17933315e-002,
       3.56191350e-003, 2.22430184e-001, 1.59710065e-001,
       7.40741566e-002, -9.58302170e-002, 1.33856878e-001,
       -2.33217776e-001, 2.43147761e-001, -2.22485289e-001,
       -1.79176748e-001, 2.73403198e-001, 1.78211495e-001,
       -6.52187020e-002, -3.93456258e-002, 5.45567870e-002,
       1.24471173e-001, -3.36972743e-001, -1.28772840e-001,
       2.62765703e-003, 9.56322700e-002, 8.25938210e-002,
       -2.44431086e-002, 9.99100357e-002, 2.34909609e-001,
       -9.95289162e-002, -1.27531916e-001, 1.15363568e-001,
       1.96448654e-001, 1.90995216e-001, 9.84677747e-002,
       -5.64857535e-002, 1.76625893e-001, 1.46688655e-001,
       -6.28738627e-002, -9.25543532e-003, -1.79541171e-001,
       -1.84551626e-001, -3.33303437e-002, 1.54329568e-001,
       1.60665408e-001, -8.49487931e-002, 6.59583777e-004,
       1.29905090e-001, 1.76135555e-001, 9.55888778e-002,
