%YAML:1.0
mean: !!opencv-matrix
   rows: 1
   cols: 128
   dt: f
   data: [ 1.91338787e+001, 1.05765028e+001, 1.22240438e+001,
       8.58743191e+000, 1.07814207e+001, 2.59180317e+001,
       6.05355186e+001, 4.40792351e+001, 1.07404366e+001,
       9.92076492e+000, 1.45000000e+001, 1.24316940e+001,
       2.11584702e+001, 4.70737686e+001, 7.43934402e+001,
       3.02431679e+001, 9.44262314e+000, 1.02295074e+001,
       1.09344263e+001, 1.08387976e+001, 2.79426212e+001,
       3.39945335e+001, 3.11912556e+001, 1.18415298e+001,
       8.33333302e+000, 6.44535494e+000, 7.25409794e+000,
       4.03551912e+000, 7.80601072e+000, 8.62568283e+000,
       7.84699440e+000, 3.36612010e+000, 4.66775932e+001,
       5.87267761e+001, 8.08278656e+001, 3.24316940e+001,
       2.20382500e+001, 3.55109291e+001, 7.70737686e+001,
       6.05109291e+001, 3.16939888e+001, 4.67158470e+001,
       8.45846939e+001, 7.95327835e+001, 6.16748619e+001,
       6.53743134e+001, 8.62732239e+001, 4.58797798e+001,
       2.17486324e+001, 2.34562836e+001, 5.15327873e+001,
       4.46366119e+001, 7.13087387e+001, 6.06994514e+001,
       4.99098358e+001, 2.37704906e+001, 1.40409832e+001,
       5.60655737e+000, 1.35245895e+001, 9.36338806e+000,
       1.91502724e+001, 1.17349720e+001, 1.40464478e+001,
       7.13661194e+000, 5.46666641e+001, 3.69043694e+001,
       4.44043694e+001, 5.37677574e+001, 5.25464478e+001,
       4.47486343e+001, 6.80273209e+001, 6.35519104e+001,
       7.41721268e+001, 7.30054626e+001, 6.52158432e+001,
       7.33852463e+001, 8.29644775e+001, 7.80792313e+001,
       7.27431641e+001, 6.81256790e+001, 3.42896156e+001,
       3.09262295e+001, 2.90027313e+001, 3.89972649e+001,
       9.09371567e+001, 6.00901642e+001, 4.57240410e+001,
       2.87076492e+001, 1.75054646e+001, 6.77049160e+000,
       1.18442621e+001, 1.37622948e+001, 3.15710373e+001,
       1.06775951e+001, 1.44781418e+001, 9.01366138e+000,
       3.88224030e+001, 3.18333321e+001, 3.57622948e+001,
       4.95573769e+001, 2.97677593e+001, 2.06338787e+001,
       2.87595615e+001, 3.11174850e+001, 3.40464478e+001,
       4.98606529e+001, 6.95792313e+001, 5.38114738e+001,
       4.58169403e+001, 5.17568283e+001, 6.15218544e+001,
       3.84344254e+001, 1.80081959e+001, 2.42021847e+001,
       2.16557369e+001, 4.30956268e+001, 7.34453506e+001,
       2.01912556e+001, 1.45327864e+001, 1.06666660e+001,
       1.05245895e+001, 4.55737686e+000, 7.93715811e+000,
       9.51639271e+000, 1.71557369e+001, 4.60109282e+000,
       6.18852425e+000, 4.34972668e+000 ]
