%YAML:1.0
reducer: !!opencv-matrix
   rows: 40
   cols: 30
   dt: f
   data: [ 8.77576172e+002, 5.68652466e+002, 6.43228821e+002,
       -1.37678253e+002, -7.81294708e+001, -1.43549820e+002,
       -1.79195084e+002, 7.12227936e+001, -1.13068954e+002,
       -3.04207306e+002, -2.45542908e+002, -1.05741951e+002,
       -4.18782379e+002, -2.60642365e+002, 3.62617065e+002,
       4.72553802e+002, -8.89384079e+001, -8.42372513e+001,
       4.97227844e+002, -9.03221588e+001, -9.19916992e+001,
       7.62361908e+001, -6.38303833e+001, -4.54495316e+001,
       -1.31284256e+002, 3.63265717e+002, 6.37759933e+001,
       2.22943146e+002, -5.43786621e+001, -3.25452538e+001,
       5.68652466e+002, 6.88260193e+002, 2.59675232e+002,
       -1.07513077e+002, -2.20455761e+001, -7.78859100e+001,
       -1.94963989e+002, 3.38479385e+001, -1.25913979e+002,
       -2.95619263e+002, -1.67632141e+002, -1.33027176e+002,
       -4.81143341e+002, -1.90062531e+002, 2.01481201e+002,
       5.25069519e+002, -9.50759583e+001, -8.57948380e+001,
       5.79845337e+002, -2.94850677e+002, -7.89527740e+001,
       2.23661957e+002, -6.08835106e+001, -1.43213165e+002,
       -2.73054901e+002, 2.36249619e+002, 9.31793022e+000,
       1.31299744e+002, 2.73816071e+001, 9.86534195e+001,
       6.43228821e+002, 2.59675232e+002, 9.98259705e+002,
       -1.79042618e+002, -3.40302155e+002, 8.24022961e+000,
       -1.21813835e+002, 1.01775116e+002, -5.85828171e+001,
       2.55647907e+001, -1.12878395e+002, 1.04625465e+002,
       -1.26272339e+002, 1.28918777e+002, 8.01758606e+002,
       1.91797974e+002, -1.19687218e+002, -9.00391006e+001,
       3.32992615e+002, 2.96821472e+002, -6.77238388e+001,
       -1.93748840e+002, -1.02433182e+002, 1.35259354e+002,
       2.93850830e+002, 4.63149994e+002, 3.77873917e+001, 289.,
       -1.71262299e+002, -5.46532860e+001, -1.37678253e+002,
       -1.07513077e+002, -1.79042618e+002, 1.00121880e+002,
       8.88475952e+001, 2.15383015e+001, 7.62007294e+001,
       -1.84952888e+001, 3.88470688e+001, 2.49591503e+001,
       4.38346786e+001, 2.01568069e+001, 5.43855324e+001,
       -5.10641098e+001, -1.46378479e+002, -1.00348991e+002,
       4.94686012e+001, 4.19060020e+001, -1.26637260e+002,
       -5.96821117e+000, 2.46665592e+001, -1.28732109e+001,
       3.89227867e+001, 1.01717243e+001, -3.85045013e+001,
       -1.18523643e+002, 4.07947617e+001, -5.01007729e+001,
       2.40245380e+001, -4.84394550e+000, -7.81294708e+001,
       -2.20455761e+001, -3.40302155e+002, 8.88475952e+001,
       3.58128326e+002, -7.06679535e+001, 4.57310448e+001,
       -3.53268700e+001, 8.92695427e+000, -1.84143692e+002,
       -2.56804543e+001, -1.18274879e+002, -5.48572998e+001,
       -2.59600311e+002, -3.85324463e+002, -1.94289207e+001,
       1.03464035e+002, 6.55055008e+001, -1.69955872e+002,
       -1.67871216e+002, 2.37899709e+000, 1.35019150e+002,
       5.20609016e+001, -1.07965584e+002, -2.11706848e+002,
       -1.77696167e+002, -1.52925515e+000, -1.65919891e+002,
       8.88525543e+001, -7.23084793e+001, -1.43549820e+002,
       -7.78859100e+001, 8.24022961e+000, 2.15383015e+001,
       -7.06679535e+001, 3.52878754e+002, 2.04820213e+001,
       -4.08809242e+001, 2.57281685e+001, 9.76153412e+001,
       1.10559433e+002, 1.13281281e+002, -1.25132103e+001,
       1.83663635e+002, 2.00374115e+002, 1.30917215e+001,
       -7.05113935e+000, 1.49186337e+000, 2.67431855e+000,
       2.23577728e+002, 2.38707943e+001, -7.73872604e+001,
       -3.19292450e+001, 4.91791763e+001, 2.08993820e+002,
       1.59558685e+002, -3.68904114e+001, 1.34343674e+002,
       -3.92789879e+001, 1.99373444e+002, -1.79195084e+002,
       -1.94963989e+002, -1.21813835e+002, 7.62007294e+001,
       4.57310448e+001, 2.04820213e+001, 2.06605133e+002,
       -1.68952389e+001, 9.49693298e+001, 9.17647552e+001,
       5.69480972e+001, 7.28696365e+001, 1.33404175e+002,
       -6.02930298e+001, -1.17598640e+002, -1.63950241e+002,
       7.33596497e+001, 6.78599625e+001, -1.86711731e+002,
       5.66269455e+001, 2.78428192e+001, -6.97894745e+001,
       6.29089394e+001, 8.13785248e+001, -8.83009815e+000,
       -7.19633408e+001, 2.79195957e+001, 3.67364311e+001,
       -1.99639435e+001, -9.94217205e+000, 7.12227936e+001,
       3.38479385e+001, 1.01775116e+002, -1.84952888e+001,
       -3.53268700e+001, -4.08809242e+001, -1.68952389e+001,
       4.25738564e+001, -1.17085247e+001, 1.86256771e+001,
       -1.23552942e+001, -5.32595539e+000, 7.41185379e+000,
       -6.36112988e-001, 5.18909111e+001, 1.88126526e+001,
       -1.37927408e+001, -7.77945328e+000, 4.12505455e+001,
       4.73018456e+000, -9.97416687e+000, -1.80797691e+001,
       -1.11592178e+001, -1.72245249e-001, -6.09403133e+000,
       2.61374912e+001, 3.01302605e+001, 2.50129223e+000,
       -6.92756844e+000, -2.44172497e+001, -1.13068954e+002,
       -1.25913979e+002, -5.85828171e+001, 3.88470688e+001,
       8.92695427e+000, 2.57281685e+001, 9.49693298e+001,
       -1.17085247e+001, 6.97503510e+001, 7.81899567e+001,
       5.15031815e+001, 5.94602013e+001, 1.11354988e+002,
       -7.81530321e-001, -3.13587933e+001, -1.08739517e+002,
       3.70502968e+001, 3.60979424e+001, -1.26707855e+002,
       6.67314453e+001, 2.02520351e+001, -6.43304214e+001,
       3.94921303e+001, 6.04755936e+001, 4.35998917e+001,
       -4.00556488e+001, 6.04274559e+000, 1.38191214e+001,
       -2.06497402e+001, -1.29615145e+001, -3.04207306e+002,
       -2.95619263e+002, 2.55647907e+001, 2.49591503e+001,
       -1.84143692e+002, 9.76153412e+001, 9.17647552e+001,
       1.86256771e+001, 7.81899567e+001, 5.47704468e+002,
       2.81556580e+002, 2.36537491e+002, 4.00425903e+002,
       3.78236664e+002, 1.65377304e+002, -3.76659363e+002,
       -2.78390765e+000, 1.32657156e+001, -2.12614426e+002,
       2.12500626e+002, 2.78170929e+001, -2.61709869e+002,
       2.62280579e+001, 1.39820908e+002, 1.86267151e+002,
       -6.43782196e+001, 5.12555542e+001, -3.48242912e+001,
       -8.12934723e+001, -1.89057808e+001, -2.45542908e+002,
       -1.67632141e+002, -1.12878395e+002, 4.38346786e+001,
       -2.56804543e+001, 1.10559433e+002, 5.69480972e+001,
       -1.23552942e+001, 5.15031815e+001, 2.81556580e+002,
       3.76149017e+002, 1.25228996e+002, 2.22992828e+002,
       1.67518570e+002, 7.37685623e+001, -2.58046478e+002,
       1.95777302e+001, 2.28000774e+001, -1.83289200e+002,
       1.16221802e+002, 8.84411335e+000, -1.21663025e+002,
       3.62882919e+001, 9.56929684e+000, 1.37293152e+002,
       -6.79984970e+001, 1.37343102e+001, -1.50633072e+002,
       -3.85634689e+001, -2.01663628e+001, -1.05741951e+002,
       -1.33027176e+002, 1.04625465e+002, 2.01568069e+001,
       -1.18274879e+002, 1.13281281e+002, 7.28696365e+001,
       -5.32595539e+000, 5.94602013e+001, 2.36537491e+002,
       1.25228996e+002, 2.37282303e+002, 1.43712723e+002,
       1.84104156e+002, 2.31246460e+002, -1.56635315e+002,
       9.94531512e-001, 1.34919500e+001, -9.20353546e+001,
       1.91010941e+002, 1.14954901e+001, -1.67611694e+002,
       1.11455574e+001, 1.64109573e+002, 1.79966232e+002,
       6.12710190e+001, 2.11654549e+001, 9.90077515e+001,
       -7.41680984e+001, 4.48703651e+001, -4.18782379e+002,
       -4.81143341e+002, -1.26272339e+002, 5.43855324e+001,
       -5.48572998e+001, -1.25132103e+001, 1.33404175e+002,
       7.41185379e+000, 1.11354988e+002, 4.00425903e+002,
       2.22992828e+002, 1.43712723e+002, 6.33533447e+002,
       2.70169067e+002, -7.61441040e+001, -5.52805359e+002,
       3.05049572e+001, 4.07316475e+001, -5.50100098e+002,
       2.32287247e+002, 4.87921219e+001, -1.87099533e+002,
       5.22753029e+001, 1.77184372e+002, 2.32080383e+002,
       -2.51301239e+002, -6.37083101e+000, -1.58736435e+002,
       -2.50661621e+001, -2.29774490e+002, -2.60642365e+002,
       -1.90062531e+002, 1.28918777e+002, -5.10641098e+001,
       -2.59600311e+002, 1.83663635e+002, -6.02930298e+001,
       -6.36112988e-001, -7.81530321e-001, 3.78236664e+002,
