%YAML:1.0
reducer: !!opencv-matrix
   rows: 60
   cols: 30
   dt: f
   data: [ -2.07920671e-001, 2.96246201e-001, -9.85041931e-002,
       -5.22987135e-002, 1.83442712e-001, -1.16613679e-001,
       -1.97130352e-001, -5.02003916e-002, 1.21544778e-001,
       -1.29914746e-001, 8.96550566e-002, -2.23840270e-002,
       3.59017886e-002, 8.80257115e-002, 7.22074136e-002,
       1.78320892e-002, 6.28537983e-002, -1.65430941e-002,
       -1.69481933e-001, -3.09105162e-002, 5.72531000e-002,
       -1.33404642e-001, -3.05933297e-001, -2.10159823e-001,
       1.12266101e-001, 1.57755777e-001, -1.83623746e-001,
       -2.21038014e-001, -1.72782823e-001, -6.25914857e-002,
       1.48650892e-002, -9.26085338e-002, -4.22123931e-002,
       -7.57806078e-002, -3.50906663e-002, 9.15470645e-002,
       -5.97094707e-002, 1.90427914e-001, 1.00124225e-001,
       -1.01913415e-001, 3.69104221e-002, -3.47622521e-002,
       4.83653322e-002, 1.01742387e-001, 1.26496516e-002,
       -2.66271494e-002, 3.26146409e-002, 2.87716854e-002,
       -9.10154451e-003, 3.62296328e-002, -5.54670133e-002,
       3.39367398e-004, 3.42012546e-003, 8.25229064e-002,
       2.01548971e-002, 7.60815740e-002, 1.23202153e-001,
       2.87335645e-002, -2.07014158e-002, 8.20688680e-002,
       1.72894131e-002, -9.08032060e-002, 1.87335201e-002,
       -1.06462479e-001, 2.22863327e-003, 4.07022946e-002,
       -1.06589496e-001, 1.98514730e-001, 6.88046813e-002,
       -1.69759825e-001, 4.07551751e-002, -6.97303265e-002,
       7.99895525e-002, 2.85154998e-001, -4.42213408e-004,
       2.69327145e-002, -8.01504180e-002, -8.22521374e-002,
       3.08175758e-003, 9.85072106e-002, -4.32789465e-003,
       1.23676076e-003, 4.37691882e-002, 1.50779262e-001,
       -1.36617001e-003, -6.23792149e-002, -2.18303986e-002,
       7.25347772e-002, 1.29260957e-001, 1.31526925e-002,
       -1.68836564e-001, 2.79314905e-001, 9.18134525e-002,
       -1.09705605e-001, 1.17331557e-001, 5.56962043e-002,
       -1.10937871e-001, -6.07896820e-002, 7.20892176e-002,
       3.21007483e-002, 1.79537117e-001, -6.08885437e-002,
       -2.65733153e-001, -1.22011483e-001, -1.26251474e-001,
       -2.09722966e-001, 6.84578270e-002, -2.58089125e-001,
       -1.04335636e-001, -4.17570435e-002, 1.87649205e-001,
       3.03203203e-002, -1.45298719e-001, 1.73937410e-001,
       8.65896419e-002, 6.67514876e-002, -3.22057158e-002,
       2.77320385e-001, 1.67925134e-001, -1.41593918e-001,
       6.63071424e-002, -1.38311625e-001, -5.36644123e-002,
       -1.24618180e-001, -6.32754341e-002, -2.83593195e-003,
       3.77474315e-002, 2.69846439e-001, 3.66233997e-002,
       -1.85522679e-002, -6.99295849e-002, 7.58859096e-005,
       7.07615390e-002, -1.91352531e-001, 1.74209569e-002,
       -7.35863969e-002, -1.51574984e-001, 3.95470095e-004,
       -6.32367730e-002, -2.72892434e-002, 9.37234610e-002,
       1.77009962e-002, -1.58101663e-001, 2.19239593e-002,
       -1.99029818e-001, -2.25764096e-001, 2.00563651e-002,
       -2.98190359e-002, 2.20462587e-003, -1.11461081e-001,
       2.24790890e-002, -1.41266823e-001, -2.70554721e-002,
       -1.08389437e-001, -3.51977907e-002, 1.96225103e-002,
       -1.41688287e-001, 1.87490821e-001, 1.40348643e-001,
       6.16187379e-002, 6.66059777e-002, -1.15651071e-001,
       5.31456061e-002, 2.94706281e-002, -3.08845453e-002,
       -1.24917917e-001, 3.95479016e-002, 4.00225781e-002,
       1.25488654e-001, -4.84967344e-002, -7.82432854e-002,
       7.96995014e-002, 2.11391627e-004, 2.00861037e-001,
       2.66020354e-002, -2.55393684e-002, -7.71776289e-002,
       -7.94363469e-002, 1.69227183e-001, 6.41883835e-002,
       -8.36971030e-003, -6.47964180e-002, -4.27431948e-002,
       -1.35243669e-001, 1.38219357e-001, -1.22542575e-001,
       -1.31565765e-001, 1.36876017e-001, 7.87581056e-002,
       -2.26732105e-001, 1.05836377e-001, -6.94312155e-002,
       4.45006266e-002, 3.73258442e-001, 2.86726411e-002,
       1.19056776e-001, -1.31131727e-002, -1.90586112e-002,
       -1.45718053e-001, 6.83745444e-002, 6.48533404e-002,
       5.65669425e-002, 9.42589715e-002, 3.03023458e-002,
       4.01622020e-002, 3.82381119e-002, -5.37822396e-002,
       8.39748308e-002, 1.17823943e-001, -3.83536778e-002,
       8.71396139e-002, 1.06583610e-001, 3.59895319e-001,
       8.85762721e-002, 2.58182595e-003, 2.69196540e-001,
       1.87338293e-002, -7.28283376e-002, -1.59293953e-002,
       -1.19370162e-001, -1.68000400e-001, -2.71238118e-001,
       -5.11967950e-003, 3.30605395e-002, 2.60225862e-001,
       -8.22346881e-002, -1.53683927e-002, 1.41253188e-001,
       -1.42778963e-001, -1.01105049e-001, 1.91479430e-001,
       -7.13085430e-003, 2.38869414e-001, -1.30270422e-001,
       -3.08933616e-001, 1.74210876e-001, 1.01942703e-001,
       -1.81454718e-002, -3.20074260e-002, 6.01228550e-002,
       2.81677991e-002, -5.60387000e-002, -6.74458668e-002,
       -2.21273936e-002, 1.34513676e-002, 4.68489602e-002,
       -1.64213423e-002, 9.38470960e-002, 2.30675824e-002,
       -9.73530188e-002, -1.05423145e-002, 1.46082133e-001,
       1.27151450e-002, -1.09830804e-001, 7.26953074e-002,
       -1.10327296e-001, -2.48487651e-001, 5.25491983e-002,
       1.17875405e-001, 9.52778906e-002, 2.21465930e-001,
       7.79766515e-002, -9.66361910e-002, 1.12815209e-001,
       1.42746627e-001, -5.81989773e-002, 1.35463610e-001,
       3.85773145e-002, -7.67278150e-002, -2.12889299e-001,
       -6.02342247e-004, 1.86593994e-001, 1.44970059e-001,
       2.96551604e-002, -1.69267684e-001, 3.90500784e-001,
       -7.41715133e-002, 1.23743482e-001, 1.02573723e-001,
       -6.22762442e-002, 1.29554465e-001, -1.09940931e-001,
       -4.71849777e-002, -9.86543484e-003, -1.24999937e-002,
       3.12398039e-002, -1.02971032e-001, -8.82118642e-002,
       -7.85003528e-002, 1.21702127e-001, -1.57843512e-002,
       5.35384193e-002, 6.17552875e-003, -5.82919344e-002,
       8.21762085e-002, 5.83206005e-002, -3.93450968e-002,
       -3.56149226e-002, -1.77812934e-001, 3.36489566e-002,
       5.12213819e-002, -5.67381158e-002, -1.96577445e-001,
       -9.89444703e-002, 1.51786171e-002, 4.68301326e-002,
       2.27474749e-001, 2.93447465e-001, 1.18933380e-001,
       -7.82111585e-002, -1.41626626e-001, 6.75166259e-003,
       -1.76222801e-001, -1.97460324e-001, 1.53686076e-001,
       -6.53151125e-002, -9.30019170e-002, -1.41038746e-001,
       -1.60054743e-001, -1.80656791e-001, -3.40975821e-002,
       1.17015861e-001, -1.68114856e-001, -2.62201250e-001,
       -1.07554555e-001, -1.49599812e-003, -4.01599020e-001,
       1.59943953e-001, 6.23958297e-002, 1.01824574e-001,
       3.57043706e-002, 4.33434658e-002, 1.80477072e-002,
       6.74388185e-002, -8.23939368e-002, 2.08998501e-001,
       -9.71468985e-002, 3.60626280e-002, 3.25547270e-002,
       3.47891077e-002, 6.23202324e-002, -5.87808667e-003,
       -1.61558673e-001, 1.00563288e-001, -4.24264409e-002,
       5.38174622e-002, 7.65561536e-002, -4.83049788e-002,
       1.42910853e-001, -1.64048225e-002, -2.99070645e-002,
       2.37113819e-001, 3.57064568e-002, -1.35515690e-001,
       1.29522920e-001, 5.08367755e-002, -1.96099162e-001,
       2.36214194e-002, 1.06158808e-001, -1.05006322e-002,
       -2.39758655e-001, 1.72651887e-001, -2.93726921e-001,
       1.57840222e-001, 2.62820423e-001, -1.95877209e-001,
       -6.54320791e-002, -2.79748105e-002, 5.87119372e-004,
       -8.42872933e-002, -1.35946363e-001, -1.25077933e-001,
       1.81249753e-001, -1.29880369e-001, 1.24182560e-001,
       2.12002859e-001, -1.85092002e-001, 5.50779402e-002,
       -6.62134588e-002, -1.34354740e-001, -6.37811935e-003,
       2.14535400e-001, 2.76772916e-001, 1.75562471e-001,
       -4.62987870e-002, 4.86906096e-002, -1.09223343e-001,
       1.09665394e-001, -1.12218171e-001, 1.06276691e-001,
       -1.94293588e-001, -6.29938692e-002, 1.87558010e-001,
       -8.73421878e-002, -1.26920372e-001, -7.26664811e-002,
       1.43265352e-001, 7.31755421e-002, 8.67308080e-002,
