%YAML:1.0
features: !!opencv-matrix
   rows: 30
   cols: 40
   dt: f
   data: [ 1.05858290e-040, 1.11822216e-040, 1.06431421e-040,
       1.14106333e-040, 1.04510241e-040, 1.15333870e-040,
       1.06172181e-040, 1.19876880e-040, 1.02031344e-040,
       1.19554581e-040, 1.54580036e-040, 1.42870786e-040,
       1.57204668e-040, 1.51806867e-040, .Nan, .Nan, .Nan, .Nan,
       4.44287386e-027, 1.24630084e-040, 1.11805401e-040,
       1.11962346e-040, 1.13803652e-040, 1.17367154e-040, .Nan, .Nan,
       .Nan, .Nan, 9.89549122e-027, 1.13694351e-040, 1.44154376e-040,
       1.48934205e-040, 1.41720320e-040, 1.58753103e-040, .Nan, .Nan,
       .Nan, .Nan, 7.97697765e-027, 1.37603305e-040, 9.73972498e-041,
       1.01969687e-040, 9.79605717e-041, 1.04052016e-040,
       9.62706058e-041, 1.05115602e-040, 9.73355926e-041,
       1.09099493e-040, 9.45231866e-041, 1.08852865e-040,
       1.42378930e-040, 1.33892667e-040, 1.45122673e-040,
       1.41738537e-040, .Nan, .Nan, .Nan, .Nan, 4.13995050e-027,
       1.18932405e-040, 1.09212998e-040, 1.07765457e-040,
       1.11847440e-040, 1.13816264e-040, .Nan, .Nan, .Nan, .Nan,
       7.47210590e-027, 1.07544052e-040, 1.46821047e-040,
       1.51714381e-040, 1.44723303e-040, 1.62476353e-040, .Nan, .Nan,
       .Nan, .Nan, 5.45261775e-027, 1.40453546e-040, 0., 0., 0., 0., 0.,
       0., 0., 0., 0., 0., 0., 0., 0., 0., .Nan, .Nan, .Nan, .Nan, 0.,
       0., 0., 0., 0., 0., .Nan, .Nan, .Nan, .Nan, 0., 0.,
       1.24393265e-040, 1.27707336e-040, 1.23786502e-040,
       1.33808589e-040, .Nan, .Nan, .Nan, .Nan, 8.68379856e-027,
       1.17264859e-040, 1.04751264e-040, 1.11897886e-040,
       1.05592043e-040, 1.14310922e-040, 1.03633028e-040,
       1.15357692e-040, 1.05156239e-040, 1.19907708e-040,
       1.01822550e-040, 1.19463497e-040, 1.51019337e-040,
       1.37230560e-040, 1.53750468e-040, 1.46521169e-040, .Nan, .Nan,
       .Nan, .Nan, 4.84677142e-027, 1.17124730e-040, 1.21058174e-040,
       1.18841320e-040, 1.23708030e-040, 1.24621676e-040, .Nan, .Nan,
       .Nan, .Nan, 6.05846408e-027, 1.17545119e-040, 1.41560572e-040,
       1.48150879e-040, 1.38537971e-040, 1.57028105e-040, .Nan, .Nan,
       .Nan, .Nan, 7.77502849e-027, 1.39464230e-040, 1.01868793e-040,
       1.10638119e-040, 1.03218244e-040, 1.12590128e-040,
       1.01301267e-040, 1.13468742e-040, 1.02943589e-040,
       1.17511488e-040, 1.00190038e-040, 1.17112118e-040,
       1.41982363e-040, 1.28416393e-040, 1.44835407e-040,
       1.37138074e-040, .Nan, .Nan, .Nan, .Nan, 5.95748988e-027,
       1.09039237e-040, 1.23521657e-040, 1.21027346e-040,
       1.26467186e-040, 1.27371024e-040, .Nan, .Nan, .Nan, .Nan,
       4.94774561e-027, 1.16355417e-040, 0., 0., 0., 0., .Nan, .Nan,
       .Nan, .Nan, 0., 0., 1.02659125e-040, 1.10259768e-040,
       1.03477484e-040, 1.12756882e-040, 1.01610954e-040,
       1.13770021e-040, 1.03062699e-040, 1.18886162e-040,
       1.00290931e-040, 1.17924871e-040, 1.53966267e-040,
       1.42992699e-040, 1.56838929e-040, 1.51920372e-040, .Nan, .Nan,
       .Nan, .Nan, 4.24092509e-027, 1.26297629e-040, 1.14579972e-040,
       1.13118417e-040, 1.17281675e-040, 1.19441076e-040, .Nan, .Nan,
       .Nan, .Nan, 8.17892681e-027, 1.14086714e-040, 1.46779008e-040,
       1.50477034e-040, 1.44019851e-040, 1.60600014e-040, .Nan, .Nan,
       .Nan, .Nan, 7.16918254e-027, 1.39710858e-040, 1.06505690e-040,
       1.13938177e-040, 1.07443158e-040, 1.16503954e-040,
       1.05408473e-040, 1.17504481e-040, 1.07140478e-040,
       1.22532340e-040, 1.02792249e-040, 1.21674746e-040,
       1.55502091e-040, 1.42489633e-040, 1.58450423e-040,
       1.52130566e-040, .Nan, .Nan, .Nan, .Nan, 4.44287386e-027,
       1.22582787e-040, 1.20489247e-040, 1.19114573e-040,
       1.23218977e-040, 1.24639893e-040, .Nan, .Nan, .Nan, .Nan,
       7.06820835e-027, 1.19115975e-040, 1.42809129e-040,
       1.48065400e-040, 1.39632385e-040, 1.57178044e-040, .Nan, .Nan,
       .Nan, .Nan, 8.58282437e-027, 1.38246501e-040, 0., 0., 0., 0., 0.,
       0., 0., 0., 0., 0., 0., 0., 0., 0., .Nan, .Nan, .Nan, .Nan, 0.,
       0., 0., 0., 0., 0., .Nan, .Nan, .Nan, .Nan, 0., 0.,
       1.42320076e-040, 1.47630997e-040, 1.39028426e-040,
       1.55993946e-040, .Nan, .Nan, .Nan, .Nan, 9.18867031e-027,
       1.38867277e-040, 0., 0., 0., 0., 0., 0., 0., 0., 0., 0., 0., 0.,
       0., 0., .Nan, .Nan, .Nan, .Nan, 0., 0., 0., 0., 0., 0., .Nan,
       .Nan, .Nan, .Nan, 0., 0., 1.49901101e-040, 1.57539579e-040,
       1.47415197e-040, 1.67403318e-040, .Nan, .Nan, .Nan, .Nan,
       6.76528499e-027, 1.47158760e-040, 9.56806591e-041,
       1.11205645e-040, 9.75107549e-041, 1.12269230e-040,
       9.60267799e-041, 1.13677535e-040, 9.74673147e-041,
       1.17407792e-040, 9.44727399e-041, 1.16625867e-040,
       1.50073460e-040, 1.41054703e-040, 1.52675672e-040,
       1.49484915e-040, .Nan, .Nan, .Nan, .Nan, 4.54384806e-027,
       1.26484002e-040, 1.12937650e-040, 1.12180949e-040,
       1.15312851e-040, 1.18603099e-040, .Nan, .Nan, .Nan, .Nan,
       9.18867031e-027, 1.13311796e-040, 1.50279451e-040,
       1.55705279e-040, 1.47091497e-040, 1.64512440e-040, .Nan, .Nan,
       .Nan, .Nan, 8.68379856e-027, 1.44744322e-040, 9.93030157e-041,
       1.12578917e-040, 1.01221393e-040, 1.13730785e-040,
       9.94137183e-041, 1.14954118e-040, 1.01431588e-040,
       1.18673164e-040, 9.60309838e-041, 1.18025764e-040,
       1.58069269e-040, 1.47625392e-040, 1.60640652e-040,
       1.56823515e-040, .Nan, .Nan, .Nan, .Nan, 5.25066897e-027,
       1.30142792e-040, 1.24572631e-040, 1.22760752e-040,
       1.27215480e-040, 1.28330913e-040, .Nan, .Nan, .Nan, .Nan,
       7.16918254e-027, 1.22389408e-040, 1.48966435e-040,
       1.54173660e-040, 1.45879374e-040, 1.63113944e-040, .Nan, .Nan,
       .Nan, .Nan, 8.68379856e-027, 1.42985693e-040, 9.65410564e-041,
       1.12166936e-040, 9.89414807e-041, 1.13346829e-040,
       9.71968641e-041, 1.14292705e-040, 9.89442833e-041,
       1.17753913e-040, 9.54956877e-041, 1.17051862e-040,
       1.50796530e-040, 1.37446360e-040, 1.53510845e-040,
       1.45810710e-040, .Nan, .Nan, .Nan, .Nan, 5.65456652e-027,
       1.19907708e-040, 1.26638145e-040, 1.26975858e-040,
       1.29855526e-040, 1.33348963e-040, .Nan, .Nan, .Nan, .Nan,
       3.13020643e-027, 1.20758296e-040, 0., 0., 0., 0., .Nan, .Nan,
       .Nan, .Nan, 0., 0., 9.82001938e-041, 1.12849368e-040,
       1.00232077e-040, 1.14152576e-040, 9.84454210e-041,
       1.15380113e-040, 1.00376410e-040, 1.19371011e-040,
       9.56302124e-041, 1.18496601e-040, 1.59648533e-040,
       1.49179432e-040, 1.62236731e-040, 1.58834378e-040, .Nan, .Nan,
       .Nan, .Nan, 4.74579684e-027, 1.32843094e-040, 1.22778969e-040,
       1.21655127e-040, 1.25189202e-040, 1.27068343e-040, .Nan, .Nan,
       .Nan, .Nan, 7.87600346e-027, 1.21901756e-040, 1.49470902e-040,
       1.53771487e-040, 1.45887782e-040, 1.62064371e-040, .Nan, .Nan,
       .Nan, .Nan, 9.39061948e-027, 1.41985166e-040, 0., 0., 0., 0., 0.,
       0., 0., 0., 0., 0., 0., 0., 0., 0., .Nan, .Nan, .Nan, .Nan, 0.,
       0., 1.15134886e-040, 1.15979869e-040, 1.17110717e-040,
       1.22717312e-040, .Nan, .Nan, .Nan, .Nan, 8.07795185e-027,
       1.15630945e-040, 1.53687409e-040, 1.66233234e-040,
       1.51019337e-040, 1.74034263e-040, .Nan, .Nan, .Nan, .Nan,
       8.58282437e-027, 1.54267547e-040, 0., 0., 0., 0., 0., 0., 0., 0.,
       0., 0., 0., 0., 0., 0., .Nan, .Nan, .Nan, .Nan, 0., 0.,
       1.15836936e-040, 1.17644611e-040, 1.17843596e-040,
       1.24526388e-040, .Nan, .Nan, .Nan, .Nan, 4.54384806e-027,
       1.15492217e-040, 1.48377889e-040, 1.63010248e-040,
       1.46414670e-040, 1.70631910e-040, .Nan, .Nan, .Nan, .Nan,
       6.96723338e-027, 1.51693361e-040, 0., 0., 0., 0., 0., 0., 0., 0.,
       0., 0., 0., 0., 0., 0., .Nan, .Nan, .Nan, .Nan, 0., 0.,
       1.10325629e-040, 1.06905060e-040, 1.12847967e-040,
       1.12102476e-040, .Nan, .Nan, .Nan, .Nan, 7.06820816e-028,
       1.02341031e-040, 0., 0., 0., 0., .Nan, .Nan, .Nan, .Nan, 0., 0.,
