%YAML:1.0
features: !!opencv-matrix
   rows: 30
   cols: 40
   dt: f
   data: [ 1.11659666e-040, 1.15607123e-040, 1.12225790e-040,
       1.17854806e-040, 1.09438607e-040, 1.19595219e-040,
       1.10960418e-040, 1.23436178e-040, 1.07024170e-040,
       1.24098992e-040, 1.41123367e-040, 1.31729062e-040,
       1.44422024e-040, 1.42552691e-040, .Nan, .Nan, .Nan, .Nan,
       3.73605295e-027, 1.09528291e-040, 1.07736030e-040,
       1.10220532e-040, 1.08758978e-040, 1.18502206e-040, .Nan, .Nan,
       .Nan, .Nan, 2.32241132e-027, 1.06752318e-040, 1.46107786e-040,
       1.48878153e-040, 1.45104456e-040, 1.56665168e-040, .Nan, .Nan,
       .Nan, .Nan, 8.38087521e-027, 1.38484722e-040, 1.13152048e-040,
       1.05272547e-040, 1.12521464e-040, 1.10335438e-040,
       1.09566126e-040, 1.10558245e-040, 1.10713789e-040,
       1.16341404e-040, 1.06558939e-040, 1.16296562e-040,
       8.86405357e-041, 8.57818868e-041, 8.97433576e-041,
       9.16645377e-041, .Nan, .Nan, .Nan, .Nan, 1.00974398e-027,
       6.85599287e-041, 1.25809977e-040, 1.26992673e-040,
       1.28392570e-040, 1.36321117e-040, .Nan, .Nan, .Nan, .Nan,
       4.24092470e-027, 1.19439675e-040, 1.42849767e-040,
       1.46247916e-040, 1.42200966e-040, 1.55305909e-040, .Nan, .Nan,
       .Nan, .Nan, 5.04872019e-027, 1.35633080e-040, 0., 0., 0., 0., 0.,
       0., 0., 0., 0., 0., 0., 0., 0., 0., .Nan, .Nan, .Nan, .Nan, 0.,
       0., 1.12511655e-040, 1.11764763e-040, 1.15052209e-040,
       1.21792455e-040, .Nan, .Nan, .Nan, .Nan, 2.32241132e-027,
       1.04724639e-040, 1.32041552e-040, 1.38802817e-040,
       1.32041552e-040, 1.48410119e-040, .Nan, .Nan, .Nan, .Nan,
       1.91851357e-027, 1.28116515e-040, 0., 0., 0., 0., 0., 0., 0., 0.,
       0., 0., 0., 0., 0., 0., .Nan, .Nan, .Nan, .Nan, 0., 0.,
       1.32031743e-040, 1.27578416e-040, 1.35906333e-040,
       1.32411494e-040, .Nan, .Nan, .Nan, .Nan, 4.03897650e-028,
       1.13863908e-040, 1.44779355e-040, 1.48944014e-040,
       1.46858882e-040, 1.57375627e-040, .Nan, .Nan, .Nan, .Nan,
       1.71656480e-027, 1.32644110e-040, 1.07541249e-040,
       1.19195849e-040, 1.09238222e-040, 1.21959209e-040,
       1.06564544e-040, 1.22846231e-040, 1.08024697e-040,
       1.27162230e-040, 1.07074617e-040, 1.26998279e-040,
       1.37330052e-040, 1.25993548e-040, 1.40739411e-040,
       1.36720487e-040, .Nan, .Nan, .Nan, .Nan, 4.64482264e-027,
       1.03878255e-040, 1.23605735e-040, 1.22777568e-040,
       1.26175716e-040, 1.30400631e-040, .Nan, .Nan, .Nan, .Nan,
       1.61559041e-027, 1.16139617e-040, 1.37138074e-040,
       1.41071519e-040, 1.35932958e-040, 1.48276996e-040, .Nan, .Nan,
       .Nan, .Nan, 6.56333583e-027, 1.31660399e-040, 1.12559299e-040,
       1.16097578e-040, 1.12856374e-040, 1.19654073e-040,
       1.10216328e-040, 1.20557911e-040, 1.11504121e-040,
       1.25689466e-040, 1.08665091e-040, 1.25476468e-040,
       1.44922287e-040, 1.34028593e-040, 1.48663754e-040,
       1.44772348e-040, .Nan, .Nan, .Nan, .Nan, 4.24092509e-027,
       1.11752151e-040, 1.22577182e-040, 1.22734127e-040,
       1.24398870e-040, 1.32813667e-040, .Nan, .Nan, .Nan, .Nan,
       2.12046235e-027, 1.15427757e-040, 1.47483861e-040,
       1.49871673e-040, 1.46274540e-040, 1.58563928e-040, .Nan, .Nan,
       .Nan, .Nan, 7.27015674e-027, 1.38050320e-040, 1.09425996e-040,
       1.18905780e-040, 1.10645125e-040, 1.21583661e-040,
       1.08101769e-040, 1.22685082e-040, 1.09598355e-040,
       1.26859550e-040, 1.07283410e-040, 1.26933819e-040,
       1.41461080e-040, 1.31534282e-040, 1.44856426e-040,
       1.42860977e-040, .Nan, .Nan, .Nan, .Nan, 4.13995050e-027,
       1.09447015e-040, 1.22539347e-040, 1.22371191e-040,
       1.25061684e-040, 1.29655140e-040, .Nan, .Nan, .Nan, .Nan,
       1.11071837e-027, 1.16076558e-040, 1.44529924e-040,
       1.47565136e-040, 1.42907220e-040, 1.55226035e-040, .Nan, .Nan,
       .Nan, .Nan, 8.07795185e-027, 1.37181514e-040, 1.11288321e-040,
       1.19738151e-040, 1.12127699e-040, 1.22734127e-040,
       1.09781926e-040, 1.23705227e-040, 1.11250486e-040,
       1.28657416e-040, 1.08569802e-040, 1.28252441e-040,
       1.46036319e-040, 1.37377696e-040, 1.49564789e-040,
       1.48412922e-040, .Nan, .Nan, .Nan, .Nan, 4.24092509e-027,
       1.15828528e-040, 1.10995450e-040, 1.12979689e-040,
       1.12045023e-040, 1.21323020e-040, .Nan, .Nan, .Nan, .Nan,
       2.82728326e-027, 1.10482575e-040, 1.47294685e-040,
       1.51516798e-040, 1.45353887e-040, 1.59289800e-040, .Nan, .Nan,
       .Nan, .Nan, 8.88574695e-027, 1.41213050e-040, 0., 0., 0., 0., 0.,
       0., 0., 0., 0., 0., 0., 0., 0., 0., .Nan, .Nan, .Nan, .Nan, 0.,
       0., 0., 0., 0., 0., .Nan, .Nan, .Nan, .Nan, 0., 0.,
       1.42533073e-040, 1.46750982e-040, 1.40212523e-040,
       1.53267020e-040, .Nan, .Nan, .Nan, .Nan, 9.08769612e-027,
       1.38082549e-040, 1.13161857e-040, 1.15398330e-040,
       1.13632694e-040, 1.19172027e-040, 1.10862327e-040,
       1.19878281e-040, 1.12486432e-040, 1.25238248e-040,
       1.08405850e-040, 1.24780023e-040, 1.47900046e-040,
       1.38089556e-040, 1.51871326e-040, 1.48083617e-040, .Nan, .Nan,
       .Nan, .Nan, 5.45261775e-027, 1.19163619e-040, 1.03916090e-040,
       1.04839546e-040, 1.05592043e-040, 1.12828348e-040, .Nan, .Nan,
       .Nan, .Nan, 2.12046235e-027, 1.01891214e-040, 1.44408011e-040,
       1.50378943e-040, 1.42570908e-040, 1.58803550e-040, .Nan, .Nan,
       .Nan, .Nan, 7.06820835e-027, 1.40279785e-040, 1.11193033e-040,
       1.19728342e-040, 1.12354710e-040, 1.22536544e-040,
       1.09874411e-040, 1.23503440e-040, 1.11631640e-040,
       1.28414991e-040, 1.07521631e-040, 1.27740967e-040,
       1.56055603e-040, 1.45182929e-040, 1.60380011e-040,
       1.56183122e-040, .Nan, .Nan, .Nan, .Nan, 5.25066897e-027,
       1.23999500e-040, 1.08875285e-040, 1.11613423e-040,
       1.10136454e-040, 1.19979175e-040, .Nan, .Nan, .Nan, .Nan,
       2.32241113e-027, 1.09430200e-040, 1.48941211e-040,
       1.54884118e-040, 1.46560405e-040, 1.62061569e-040, .Nan, .Nan,
       .Nan, .Nan, 9.59256787e-027, 1.45213757e-040, 1.06774739e-040,
       1.20493451e-040, 1.08700123e-040, 1.22270298e-040,
       1.06278679e-040, 1.23607136e-040, 1.08195656e-040,
       1.27534976e-040, 1.04057621e-040, 1.27181849e-040,
       1.50526080e-040, 1.41353180e-040, 1.54400670e-040,
       1.52916695e-040, .Nan, .Nan, .Nan, .Nan, 4.74579684e-027,
       1.20176758e-040, 1.24174662e-040, 1.23710832e-040,
       1.26409733e-040, 1.31495045e-040, .Nan, .Nan, .Nan, .Nan,
       2.01948796e-027, 1.18458766e-040, 1.49725938e-040,
       1.55305909e-040, 1.47363349e-040, 1.61941057e-040, .Nan, .Nan,
       .Nan, .Nan, 9.99646542e-027, 1.46095174e-040, 1.05425289e-040,
       1.24480145e-040, 1.09005606e-040, 1.26775472e-040,
       1.06239443e-040, 1.27107580e-040, 1.08300753e-040,
       1.31514663e-040, 1.06982131e-040, 1.30158207e-040,
       1.41601210e-040, 1.29615904e-040, 1.45198343e-040,
       1.38800014e-040, .Nan, .Nan, .Nan, .Nan, 5.75554111e-027,
       1.11705908e-040, 1.31451605e-040, 1.31643583e-040,
       1.34681598e-040, 1.40028953e-040, .Nan, .Nan, .Nan, .Nan,
       3.53410417e-027, 1.25632013e-040, 0., 0., 0., 0., .Nan, .Nan,
       .Nan, .Nan, 0., 0., 1.08967771e-040, 1.21800863e-040,
       1.10649329e-040, 1.23984086e-040, 1.08345595e-040,
       1.25165380e-040, 1.10284992e-040, 1.29492590e-040,
       1.05711154e-040, 1.28979715e-040, 1.56104649e-040,
       1.46242310e-040, 1.60316952e-040, 1.57385436e-040, .Nan, .Nan,
       .Nan, .Nan, 5.04872019e-027, 1.25084105e-040, 1.11781578e-040,
       1.14799975e-040, 1.12759685e-040, 1.23008782e-040, .Nan, .Nan,
       .Nan, .Nan, 2.92825765e-027, 1.12967077e-040, 1.51748012e-040,
       1.57597032e-040, 1.49085545e-040, 1.64111668e-040, .Nan, .Nan,
       .Nan, .Nan, 1.05013379e-026, 1.47828580e-040, 1.06274476e-040,
       1.21139450e-040, 1.08838852e-040, 1.23551084e-040,
       1.06345942e-040, 1.24286766e-040, 1.08787004e-040,
