%YAML:1.0
features: !!opencv-matrix
   rows: 30
   cols: 40
   dt: f
   data: [ 0., 0., 0., 0., 0., 0., 0., 0., 0., 0., 0., 0., 0., 0., .Nan,
       .Nan, .Nan, .Nan, 0., 0., 0., 0., 0., 0., .Nan, .Nan, .Nan, .Nan,
       0., 0., 1.54557615e-040, 1.60032489e-040, 1.54343217e-040,
       1.68723342e-040, .Nan, .Nan, .Nan, .Nan, 2.82728326e-027,
       1.46888309e-040, 0., 0., 0., 0., 0., 0., 0., 0., 0., 0., 0., 0.,
       0., 0., .Nan, .Nan, .Nan, .Nan, 0., 0., 0., 0., 0., 0., .Nan,
       .Nan, .Nan, .Nan, 0., 0., 1.48289607e-040, 1.54120410e-040,
       1.48869745e-040, 1.63036872e-040, .Nan, .Nan, .Nan, .Nan,
       1.71656480e-027, 1.40677754e-040, 0., 0., 0., 0., 0., 0., 0., 0.,
       0., 0., 0., 0., 0., 0., .Nan, .Nan, .Nan, .Nan, 0., 0., 0., 0.,
       0., 0., .Nan, .Nan, .Nan, .Nan, 0., 0., 1.54732778e-040,
       1.58912851e-040, 1.56663767e-040, 1.68164224e-040, .Nan, .Nan,
       .Nan, .Nan, 7.06820816e-028, 1.40918777e-040, 1.12015595e-040,
       1.07546855e-040, 1.12063239e-040, 1.08136801e-040,
       1.09301280e-040, 1.09910845e-040, 1.10831498e-040,
       1.12452800e-040, 1.04029595e-040, 1.14047478e-040,
       1.50974495e-040, 1.34074836e-040, 1.55682858e-040,
       1.46074155e-040, .Nan, .Nan, .Nan, .Nan, 5.04872019e-027,
       1.13826073e-040, 1.19277124e-040, 1.11127172e-040,
       1.21624299e-040, 1.20599950e-040, .Nan, .Nan, .Nan, .Nan,
       3.43312959e-027, 1.00531954e-040, 1.48908981e-040,
       1.55018643e-040, 1.48429737e-040, 1.64003768e-040, .Nan, .Nan,
       .Nan, .Nan, 2.32241132e-027, 1.41088335e-040, 0., 0., 0., 0., 0.,
       0., 0., 0., 0., 0., 0., 0., 0., 0., .Nan, .Nan, .Nan, .Nan, 0.,
       0., 0., 0., 0., 0., .Nan, .Nan, .Nan, .Nan, 0., 0.,
       1.45932623e-040, 1.49945942e-040, 1.46008293e-040,
       1.59680763e-040, .Nan, .Nan, .Nan, .Nan, 1.91851357e-027,
       1.33885660e-040, 0., 0., 0., 0., 0., 0., 0., 0., 0., 0., 0., 0.,
       0., 0., .Nan, .Nan, .Nan, .Nan, 0., 0., 0., 0., 0., 0., .Nan,
       .Nan, .Nan, .Nan, 0., 0., 1.54090983e-040, 1.60780782e-040,
       1.54438505e-040, 1.69695843e-040, .Nan, .Nan, .Nan, .Nan,
       2.42338571e-027, 1.46889710e-040, 0., 0., 0., 0., 0., 0., 0., 0.,
       0., 0., 0., 0., 0., 0., .Nan, .Nan, .Nan, .Nan, 0., 0., 0., 0.,
       0., 0., .Nan, .Nan, .Nan, .Nan, 0., 0., 1.57077150e-040,
       1.61921439e-040, 1.56946829e-040, 1.71694094e-040, .Nan, .Nan,
       .Nan, .Nan, 2.72630887e-027, 1.46849073e-040, 0., 0., 0., 0., 0.,
       0., 0., 0., 0., 0., 0., 0., 0., 0., .Nan, .Nan, .Nan, .Nan, 0.,
       0., 0., 0., 0., 0., .Nan, .Nan, .Nan, .Nan, 0., 0.,
       1.58984317e-040, 1.66611585e-040, 1.58967502e-040,
       1.75124473e-040, .Nan, .Nan, .Nan, .Nan, 3.23118082e-027,
       1.53698619e-040, 0., 0., 0., 0., 0., 0., 0., 0., 0., 0., 0., 0.,
       0., 0., .Nan, .Nan, .Nan, .Nan, 0., 0., 0., 0., 0., 0., .Nan,
       .Nan, .Nan, .Nan, 0., 0., 1.53603331e-040, 1.59435535e-040,
       1.53125488e-040, 1.68899905e-040, .Nan, .Nan, .Nan, .Nan,
       3.02923204e-027, 1.44283295e-040, 0., 0., 0., 0., 0., 0., 0., 0.,
       0., 0., 0., 0., 0., 0., .Nan, .Nan, .Nan, .Nan, 0., 0.,
       1.33431640e-040, 1.35460720e-040, 1.37670568e-040,
       1.45593509e-040, .Nan, .Nan, .Nan, .Nan, 2.32241132e-027,
       1.22728522e-040, 1.55758528e-040, 1.63322737e-040,
       1.56498414e-040, 1.72132701e-040, .Nan, .Nan, .Nan, .Nan,
       2.32241132e-027, 1.49745556e-040, 0., 0., 0., 0., 0., 0., 0., 0.,
       0., 0., 0., 0., 0., 0., .Nan, .Nan, .Nan, .Nan, 0., 0., 0., 0.,
       0., 0., .Nan, .Nan, .Nan, .Nan, 0., 0., 1.60609823e-040,
       1.69146534e-040, 1.60775177e-040, 1.77425405e-040, .Nan, .Nan,
       .Nan, .Nan, 3.43312959e-027, 1.55737509e-040, 0., 0., 0., 0., 0.,
       0., 0., 0., 0., 0., 0., 0., 0., 0., .Nan, .Nan, .Nan, .Nan, 0.,
       0., 0., 0., 0., 0., .Nan, .Nan, .Nan, .Nan, 0., 0.,
       1.69260039e-040, 1.75233774e-040, 1.69653804e-040,
       1.84731775e-040, .Nan, .Nan, .Nan, .Nan, 3.33215540e-027,
       1.58418193e-040, 1.12358913e-040, 1.11463484e-040,
       1.13475748e-040, 1.10905767e-040, 1.10675954e-040,
       1.12032411e-040, 1.13185680e-040, 1.14578570e-040,
       1.06411803e-040, 1.15716425e-040, 1.54708956e-040,
       1.37786875e-040, 1.58632591e-040, 1.48426935e-040, .Nan, .Nan,
       .Nan, .Nan, 8.38087521e-027, 1.22022268e-040, 1.31265232e-040,
       1.26584895e-040, 1.34453186e-040, 1.37435149e-040, .Nan, .Nan,
       .Nan, .Nan, 3.53410417e-027, 1.12123495e-040, 1.57773595e-040,
       1.65033723e-040, 1.58545711e-040, 1.73961395e-040, .Nan, .Nan,
       .Nan, .Nan, 1.61559041e-027, 1.46381039e-040, 0., 0., 0., 0., 0.,
       0., 0., 0., 0., 0., 0., 0., 0., 0., .Nan, .Nan, .Nan, .Nan, 0.,
       0., 0., 0., 0., 0., .Nan, .Nan, .Nan, .Nan, 0., 0.,
       1.69643995e-040, 1.77087692e-040, 1.69725270e-040,
       1.86027976e-040, .Nan, .Nan, .Nan, .Nan, 3.83702715e-027,
       1.61645383e-040, 0., 0., 0., 0., 0., 0., 0., 0., 0., 0., 0., 0.,
       0., 0., .Nan, .Nan, .Nan, .Nan, 0., 0., 1.17298491e-040,
       1.19537765e-040, 1.19369610e-040, 1.28436011e-040, .Nan, .Nan,
       .Nan, .Nan, 2.22143693e-027, 1.11491510e-040, 1.63177002e-040,
       1.72902014e-040, 1.64061222e-040, 1.81346238e-040, .Nan, .Nan,
       .Nan, .Nan, 3.02923204e-027, 1.58307490e-040, 0., 0., 0., 0., 0.,
       0., 0., 0., 0., 0., 0., 0., 0., 0., .Nan, .Nan, .Nan, .Nan, 0.,
       0., 0., 0., 0., 0., .Nan, .Nan, .Nan, .Nan, 0., 0.,
       1.59242156e-040, 1.67191722e-040, 1.60656066e-040,
       1.76337997e-040, .Nan, .Nan, .Nan, .Nan, 2.01948815e-027,
       1.52322544e-040, 0., 0., 0., 0., 0., 0., 0., 0., 0., 0., 0., 0.,
       0., 0., .Nan, .Nan, .Nan, .Nan, 0., 0., 0., 0., 0., 0., .Nan,
       .Nan, .Nan, .Nan, 0., 0., 1.60276314e-040, 1.68367412e-040,
       1.61876597e-040, 1.78176501e-040, .Nan, .Nan, .Nan, .Nan,
       1.00974408e-027, 1.52497707e-040, 0., 0., 0., 0., 0., 0., 0., 0.,
       0., 0., 0., 0., 0., 0., .Nan, .Nan, .Nan, .Nan, 0., 0.,
       1.18052389e-040, 1.18283603e-040, 1.19480312e-040,
       1.27166434e-040, .Nan, .Nan, .Nan, .Nan, 5.35164317e-027,
       1.10069192e-040, 1.67271596e-040, 1.74272484e-040,
       1.68129191e-040, 1.84150236e-040, .Nan, .Nan, .Nan, .Nan,
       2.62533449e-027, 1.54023721e-040, 0., 0., 0., 0., 0., 0., 0., 0.,
       0., 0., 0., 0., 0., 0., .Nan, .Nan, .Nan, .Nan, 0., 0.,
       1.38865875e-040, 1.35096382e-040, 1.43574238e-040,
       1.46522570e-040, .Nan, .Nan, .Nan, .Nan, 2.22143693e-027,
       1.15873370e-040, 1.59434134e-040, 1.68033903e-040,
       1.61212382e-040, 1.76352010e-040, .Nan, .Nan, .Nan, .Nan,
       2.42338571e-027, 1.48303620e-040, 0., 0., 0., 0., 0., 0., 0., 0.,
       0., 0., 0., 0., 0., 0., .Nan, .Nan, .Nan, .Nan, 0., 0., 0., 0.,
       0., 0., .Nan, .Nan, .Nan, .Nan, 0., 0., 1.60539759e-040,
       1.70753823e-040, 1.61494043e-040, 1.78808487e-040, .Nan, .Nan,
       .Nan, .Nan, 2.92825765e-027, 1.55765535e-040, 0., 0., 0., 0., 0.,
       0., 0., 0., 0., 0., 0., 0., 0., 0., .Nan, .Nan, .Nan, .Nan, 0.,
       0., 0., 0., 0., 0., .Nan, .Nan, .Nan, .Nan, 0., 0.,
       1.64376514e-040, 1.72005183e-040, 1.64777285e-040,
       1.80560110e-040, .Nan, .Nan, .Nan, .Nan, 4.54384806e-027,
       1.53380525e-040, 0., 0., 0., 0., 0., 0., 0., 0., 0., 0., 0., 0.,
       0., 0., .Nan, .Nan, .Nan, .Nan, 0., 0., 1.05021715e-040,
       1.06718687e-040, 1.07039584e-040, 1.14650036e-040, .Nan, .Nan,
       .Nan, .Nan, 2.01948796e-027, 9.63967227e-041, 1.59577067e-040,
       1.71087332e-040, 1.59020751e-040, 1.78333446e-040, .Nan, .Nan,
       .Nan, .Nan, 5.04872019e-027, 1.55346546e-040, 0., 0., 0., 0., 0.,
       0., 0., 0., 0., 0., 0., 0., 0., 0., .Nan, .Nan, .Nan, .Nan, 0.,
       0., 0., 0., 0., 0., .Nan, .Nan, .Nan, .Nan, 0., 0.,
       1.58579342e-040, 1.69339913e-040, 1.60262301e-040,
       1.77684645e-040, .Nan, .Nan, .Nan, .Nan, 1.91851357e-027,
       1.54350223e-040, 0., 0., 0., 0., 0., 0., 0., 0., 0., 0., 0., 0.,
