%YAML:1.0
vocabulary: !!opencv-matrix
   rows: 5
   cols: 128
   dt: f
   data: [ 1.11538467e+001, 1.88205128e+001, 1.60256405e+001,
       2.02051277e+001, 1.19743595e+001, 2.76923084e+000,
       4.28205156e+000, 5.12820530e+000, 2.44871807e+001,
       2.06666660e+001, 1.47179489e+001, 1.16666670e+001, 7.,
       1.16923075e+001, 2.91794872e+001, 2.65897446e+001,
       9.58974361e+000, 1.65384617e+001, 1.65384617e+001,
       7.82051277e+000, 1.42051287e+001, 3.04102573e+001,
       3.01282063e+001, 1.36153851e+001, 1.77692318e+001,
       1.92307701e+001, 1.74102573e+001, 7.30769253e+000,
       6.46153831e+000, 6.61538458e+000, 5.12820530e+000,
       8.38461590e+000, 4.73076935e+001, 1.73333340e+001,
       9.15384674e+000, 1.49487181e+001, 1.62564106e+001,
       5.56410265e+000, 2.46153855e+000, 1.71025639e+001, 128.,
       3.36666679e+001, 8., 8.12820530e+000, 9.94871807e+000,
       2.86153851e+001, 8.68717957e+001, 1.19205132e+002,
       1.58461542e+001, 8.25641060e+000, 8.92307663e+000,
       3.32564125e+001, 1.09666672e+002, 1.16666672e+002,
       9.47179489e+001, 3.86666679e+001, 2.21025639e+001,
       1.37692308e+001, 9.33333302e+000, 1.59487181e+001,
       3.29230766e+001, 2.28974361e+001, 1.24615383e+001,
       1.63589745e+001, 4.67948723e+001, 1.86923084e+001,
       2.07692313e+000, 7.64102554e+000, 1.68461533e+001,
       1.67179489e+001, 1.17692308e+001, 1.25384617e+001,
       1.28384613e+002, 1.25692307e+002, 9.24102554e+001,
       2.83333340e+001, 9.07692337e+000, 6.79487181e+000,
       9.64102554e+000, 3.25128212e+001, 1.97948723e+001,
       3.94871788e+001, 1.02641029e+002, 1.19846153e+002,
       1.07538460e+002, 3.46153870e+001, 1.03589745e+001,
       8.25641060e+000, 2.71538467e+001, 1.21025639e+001,
       6.17948723e+000, 2.40769234e+001, 3.47179489e+001,
       1.44871798e+001, 1.30769234e+001, 1.79487190e+001,
       1.02820511e+001, 6.43589735e+000, 2.35897446e+000,
       2.87179494e+000, 1.32051287e+001, 2.53333340e+001,
       2.20512829e+001, 1.34358978e+001, 1.90512829e+001,
       3.44871788e+001, 2.95641022e+001, 7.28205156e+000,
       6.38461542e+000, 1.53846159e+001, 2.59743595e+001,
       1.79230766e+001, 1.81282063e+001, 1.57692308e+001,
       3.70512810e+001, 2.54871807e+001, 1.21282053e+001,
       1.10256414e+001, 2.28461533e+001, 1.69487190e+001,
       2.81025639e+001, 1.11794872e+001, 6., 7.02564096e+000,
       9.17948723e+000, 7.38461542e+000, 1.88205128e+001,
       2.28974361e+001, 2.32571430e+001, 1.43428574e+001,
       1.58000002e+001, 1.45142860e+001, 1.33999996e+001,
       2.19428577e+001, 2.34857140e+001, 2.21142864e+001,
       2.84285717e+001, 1.93142853e+001, 1.83999996e+001,
       2.32000008e+001, 2.87142868e+001, 4.02571449e+001,
       3.16571426e+001, 2.69428577e+001, 4.94000015e+001,
       1.60571423e+001, 16., 1.36000004e+001, 1.86857147e+001, 24.,
       5.26285706e+001, 6.06285706e+001, 2.76571426e+001,
       1.17428570e+001, 1.11428576e+001, 3.65714288e+000,
       1.43714285e+001, 3.49428558e+001, 4.91142845e+001,
       3.60571442e+001, 2.78857136e+001, 2.01714287e+001,
       1.01428576e+001, 1.26000004e+001, 1.71714287e+001,
       2.65714283e+001, 3.11142864e+001, 3.82000008e+001,
       3.69428558e+001, 3.07999992e+001, 3.04571438e+001,
       5.56285706e+001, 7.03142853e+001, 4.78571434e+001,
       2.27714291e+001, 1.68285713e+001, 1.22428574e+002,
       5.83428574e+001, 1.83428574e+001, 1.40857143e+001,
       1.00857143e+001, 1.16000004e+001, 2.68857136e+001,
       4.88571434e+001, 4.03428574e+001, 7.51428556e+000,
       6.22857141e+000, 1.68571434e+001, 3.24571419e+001,
       3.54285698e+001, 3.94857140e+001, 3.23714294e+001,
       3.21714287e+001, 3.92000008e+001, 2.19714279e+001,
       1.63142853e+001, 1.86571426e+001, 1.49142857e+001,
       1.80285721e+001, 2.57714291e+001, 3.14857140e+001,
       1.39142857e+001, 16., 3.93428574e+001, 6.44285736e+001,
       6.81999969e+001, 3.71142845e+001, 3.40571442e+001, 119.,
       4.24571419e+001, 2.14571438e+001, 1.31428576e+001,
       9.71428585e+000, 1.66285725e+001, 2.20285721e+001,
       7.05142899e+001, 3.96857147e+001, 2.66000004e+001,
       3.24000015e+001, 3.79142876e+001, 3.13428574e+001,
       1.55142860e+001, 9.42857170e+000, 1.82000008e+001,
       2.67999992e+001, 3.32857132e+001, 2.33999996e+001,
       1.27714291e+001, 1.12571430e+001, 8.94285679e+000,
       1.83999996e+001, 2.30571423e+001, 1.74571438e+001,
       2.64285717e+001, 3.20571442e+001, 3.89428558e+001,
       3.99428558e+001, 2.65714283e+001, 2.02000008e+001,
       2.28285713e+001, 4.62571449e+001, 6.23142853e+001,
       5.44285736e+001, 2.96285725e+001, 1.56857147e+001,
       1.18571424e+001, 1.37714291e+001, 2.51714287e+001,
       2.04285717e+001, 3.92285728e+001, 5.16857147e+001,
       4.35428581e+001, 1.03999996e+001, 8.65714264e+000,
       1.17142859e+001, 1.41142855e+001, 2.32777786e+001,
       8.44444427e+001, 7.11111145e+001, 2.12222233e+001,
       2.38888884e+000, 4.77777767e+000, 4.94444466e+000,
       4.05555582e+000, 6.55000000e+001, 1.14666664e+002,
       3.86666679e+001, 7.33333349e+000, 1.94444442e+000,
       5.33333349e+000, 5.72222233e+000, 6.33333349e+000,
       3.24444466e+001, 4.88333321e+001, 1.37222223e+001,
       2.33333325e+000, 5.88888884e+000, 1.56666670e+001,
       9.33333302e+000, 6.61111116e+000, 1.26111116e+001,
       2.23333340e+001, 1.23333330e+001, 2.55555558e+000,
       4.61111116e+000, 1.18888893e+001, 5.22222233e+000,
       6.72222233e+000, 3.76111107e+001, 5.43888893e+001,
       4.71666679e+001, 2.00555553e+001, 1.36111116e+001,
       1.52777777e+001, 9.44444466e+000, 1.36111116e+001,
       1.07666664e+002, 1.03166664e+002, 3.68888893e+001,
       6.77777767e+000, 5.44444466e+000, 5., 1.10555553e+001,
       3.05000000e+001, 8.48888931e+001, 5.98333321e+001,
       4.71666679e+001, 3.46666679e+001, 1.52222223e+001,
       1.39444447e+001, 9.38888931e+000, 1.56111116e+001,
       1.97222233e+001, 3.27222214e+001, 4.92222214e+001,
       1.95555553e+001, 8.33333302e+000, 8.94444466e+000,
       4.50000000e+000, 6.16666651e+000, 3.75000000e+001,
       2.15000000e+001, 1.01666670e+001, 6.44444466e+000,
       1.97222233e+001, 7.03333359e+001, 3.61111107e+001,
       1.67222233e+001, 1.12944443e+002, 8.47222214e+001,
       4.93888893e+001, 16., 7.55555582e+000, 10., 1.84444447e+001,
       2.73888893e+001, 5.61111107e+001, 6.85000000e+001,
       8.83888931e+001, 5.18333321e+001, 8.44444466e+000,
       3.61111116e+000, 4.33333349e+000, 1.43333330e+001,
       2.97777786e+001, 5.11666679e+001, 6.16666679e+001,
       1.84444447e+001, 4.83333349e+000, 1.04444447e+001,
       7.88888884e+000, 9.77777767e+000, 1.00555553e+001,
       2.01111107e+001, 8., 1.38888896e+000, 1.61666660e+001,
       8.43888931e+001, 4.02222214e+001, 6.83333349e+000,
       2.54444447e+001, 3.31111107e+001, 1.82222233e+001,
       6.11111116e+000, 5.55555582e+000, 4.43333321e+001,
       4.49444466e+001, 1.27777777e+001, 4.07777786e+001, 51.,
       2.75000000e+001, 9.38888931e+000, 3.44444442e+000,
       1.27777777e+001, 3.11111107e+001, 1.76666660e+001, 38.,
       4.58888893e+001, 2.04444447e+001, 5.11111116e+000,
       9.44444478e-001, 3.94444442e+000, 1.27222223e+001,
       2.15000000e+001, 2.15384617e+001, 2.72307701e+001, 36.,
       4.37307701e+001, 2.15384617e+001, 4.53846169e+000,
       6.23076963e+000, 1.46153851e+001, 5.75384636e+001,
       4.05769234e+001, 3.43461533e+001, 2.43461552e+001,
       1.06923084e+001, 1.19615393e+001, 1.10384617e+001,
       2.18076935e+001, 2.07307701e+001, 2.20769234e+001,
       3.06538467e+001, 1.25384617e+001, 2.10384617e+001,
       2.82692318e+001, 1.30769234e+001, 1.51923084e+001,
       5.01153870e+001, 3.05384636e+001, 1.26538467e+001,
       6.92307711e+000, 1.55769234e+001, 7.61538506e+000,
       3.50000024e+000, 1.55384617e+001, 4.55000000e+001,
       2.00769234e+001, 2.59615402e+001, 4.45769234e+001,
