%YAML:1.0
vocabulary: !!opencv-matrix
   rows: 6
   cols: 128
   dt: f
   data: [ 15., 4., 7., 38., 60., 13., 19., 14., 48., 16., 24., 49., 64.,
       15., 33., 48., 40., 34., 33., 22., 53., 52., 42., 18., 24., 17.,
       27., 28., 18., 13., 22., 18., 18., 16., 18., 32., 75., 36., 14.,
       8., 48., 38., 55., 47., 83., 54., 59., 32., 39., 39., 63., 49.,
       65., 34., 57., 34., 18., 24., 28., 20., 26., 19., 24., 12., 68.,
       35., 85., 90., 30., 20., 6., 17., 93., 38., 59., 84., 57., 104.,
       52., 55., 13., 43., 50., 49., 112., 27., 49., 75., 11., 42., 39.,
       5., 7., 12., 21., 12., 78., 11., 20., 19., 11., 5., 3., 6., 112.,
       58., 26., 107., 109., 41., 31., 53., 47., 42., 15., 54., 112.,
       16., 25., 43., 10., 23., 23., 4., 6., 5., 7., 7., 15., 8., 12.,
       9., 7., 6., 16., 14., 43., 27., 41., 19., 16., 27., 69., 67., 20.,
       19., 36., 19., 63., 77., 53., 40., 6., 6., 7., 6., 13., 9., 7.,
       7., 32., 24., 12., 14., 14., 24., 49., 24., 102., 84., 94., 63.,
       54., 58., 87., 75., 54., 63., 89., 69., 109., 71., 71., 71., 9.,
       8., 8., 14., 34., 17., 11., 9., 19., 19., 5., 9., 16., 76., 94.,
       52., 83., 72., 46., 29., 61., 109., 80., 58., 60., 41., 54., 52.,
       73., 78., 98., 109., 8., 5., 4., 5., 21., 92., 109., 11., 1., 0.,
       0., 0., 1., 5., 2., 1., 7., 7., 2., 4., 7., 18., 8., 8., 7., 4.,
       3., 8., 4., 5., 5., 17., 0., 0., 0., 0., 0., 11., 8., 0.,
       3.75000000e+001, 18., 17., 1.65000000e+001, 36., 27.,
       2.25000000e+001, 21., 5.95000000e+001, 2.55000000e+001, 38.,
       2.85000000e+001, 21., 20., 42., 6.15000000e+001, 29.,
       3.45000000e+001, 46., 30., 6.25000000e+001, 65., 53.,
       2.35000000e+001, 21., 1.85000000e+001, 13., 14., 34., 26., 13.,
       11., 67., 3.15000000e+001, 3.85000000e+001, 30., 5.85000000e+001,
       41., 31., 31., 89., 64., 8.55000000e+001, 7.35000000e+001,
       4.85000000e+001, 6.15000000e+001, 7.95000000e+001, 72., 51., 68.,
       93., 7.95000000e+001, 87., 66., 8.15000000e+001, 5.85000000e+001,
       41., 1.95000000e+001, 1.75000000e+001, 36., 5.95000000e+001,
       2.65000000e+001, 1.65000000e+001, 23., 4.65000000e+001,
       4.75000000e+001, 2.15000000e+001, 2.05000000e+001,
       1.95000000e+001, 26., 1.95000000e+001, 23., 7.75000000e+001, 95.,
       62., 60., 6.75000000e+001, 83., 6.85000000e+001, 5.65000000e+001,
       43., 4.65000000e+001, 5.95000000e+001, 8.35000000e+001,
       7.45000000e+001, 45., 55., 62., 1.05000000e+001, 1.15000000e+001,
       8.50000000e+000, 2.75000000e+001, 22., 7., 8.50000000e+000,
       1.75000000e+001, 12., 2.65000000e+001, 12., 6., 6.50000000e+000,
       10., 1.15000000e+001, 7.50000000e+000, 32., 56., 12.,
       3.85000000e+001, 4.05000000e+001, 2.15000000e+001,
       1.85000000e+001, 14., 3.35000000e+001, 4.15000000e+001,
       1.45000000e+001, 3.95000000e+001, 4.25000000e+001,
       3.65000000e+001, 26., 2.05000000e+001, 6.50000000e+000, 6., 4.,
       1.65000000e+001, 6.50000000e+000, 4.50000000e+000, 6., 8., 39.,
       79., 33., 5., 9., 18., 17., 10., 27., 90., 68., 19., 18., 22.,
       21., 13., 29., 32., 66., 75., 39., 27., 48., 50., 26., 14., 68.,
       87., 21., 35., 55., 72., 54., 50., 14., 8., 17., 82., 68., 25.,
       69., 107., 101., 21., 24., 107., 107., 42., 79., 84., 78., 47.,
       76., 86., 104., 84., 25., 23., 41., 37., 20., 30., 66., 65., 41.,
       45., 11., 10., 48., 107., 34., 16., 55., 62., 23., 15., 21., 50.,
       33., 25., 46., 38., 33., 23., 25., 32., 43., 37., 14., 15., 29.,
       17., 14., 25., 56., 32., 15., 21., 16., 16., 26., 42., 21., 7.,
       20., 25., 14., 10., 26., 34., 16., 11., 26., 25., 16., 9., 10.,
       9., 6., 11., 12., 19., 23., 16., 9., 6., 4., 5., 6.85000000e+001,
       25., 17., 18., 7.35000000e+001, 2.75000000e+001, 15., 23., 43.,
       36., 7.45000000e+001, 3.35000000e+001, 1.75000000e+001,
       2.45000000e+001, 42., 4.15000000e+001, 1.65000000e+001, 26., 85.,
       4.95000000e+001, 4.35000000e+001, 44., 51., 31., 6.85000000e+001,
       2.35000000e+001, 22., 24., 56., 26., 18., 28., 4.65000000e+001,
       32., 19., 15., 44., 34., 2.35000000e+001, 1.85000000e+001,
       6.15000000e+001, 48., 7.35000000e+001, 6.55000000e+001, 47., 49.,
       66., 66., 4.15000000e+001, 5.95000000e+001, 8.05000000e+001, 59.,
       6.35000000e+001, 64., 68., 4.85000000e+001, 6.45000000e+001,
       2.45000000e+001, 1.65000000e+001, 2.95000000e+001,
       5.05000000e+001, 24., 1.95000000e+001, 34., 2.55000000e+001, 16.,
       28., 18., 18., 21., 8., 8.50000000e+000, 6.25000000e+001, 58.,
       94., 54., 4.65000000e+001, 7.75000000e+001, 7.35000000e+001,
       4.35000000e+001, 3.45000000e+001, 3.75000000e+001,
       1.01500000e+002, 85., 39., 3.75000000e+001, 9.95000000e+001, 74.,
       68., 4.25000000e+001, 13., 38., 6.45000000e+001, 17., 10., 58.,
       1.65000000e+001, 4.50000000e+000, 3.95000000e+001,
       1.65000000e+001, 5.50000000e+000, 7.50000000e+000,
       3.50000000e+000, 5.50000000e+000, 40., 16., 3.05000000e+001,
       1.85000000e+001, 3.05000000e+001, 51., 19., 2.05000000e+001, 9.,
       5.50000000e+000, 1.85000000e+001, 39., 1.65000000e+001,
       1.15000000e+001, 32., 5.45000000e+001, 1.45000000e+001, 31.,
       8.50000000e+000, 3.85000000e+001, 3.25000000e+001, 2., 5.,
       2.75000000e+001, 29., 10., 8., 17., 2.53333340e+001,
       1.06666670e+001, 12., 2.06666679e+001, 4.46666679e+001, 27., 49.,
       4.43333359e+001, 3.43333359e+001, 4.13333359e+001,
       6.36666679e+001, 5.53333359e+001, 44., 4.76666679e+001,
       4.03333359e+001, 2.56666679e+001, 47., 6.43333359e+001,
       5.03333359e+001, 27., 20., 1.16666670e+001, 5.33333349e+000, 8.,
       1.56666670e+001, 12., 6.33333349e+000, 7.33333349e+000, 48.,
       2.56666679e+001, 1.66666679e+001, 20., 3.53333359e+001,
       2.66666679e+001, 2.06666679e+001, 29., 66., 49., 82.,
       8.26666718e+001, 61., 58., 8.13333359e+001, 7.26666718e+001, 63.,
       56., 7.53333359e+001, 60., 65., 56., 75., 55., 31.,
       1.23333340e+001, 1.06666670e+001, 1.83333340e+001, 35., 18.,
       2.46666679e+001, 2.56666679e+001, 4.03333359e+001, 18., 28.,
       2.13333340e+001, 1.56666670e+001, 1.23333340e+001,
       1.13333340e+001, 26., 57., 3.36666679e+001, 60., 6.63333359e+001,
       4.76666679e+001, 6.63333359e+001, 5.76666679e+001,
       4.83333359e+001, 4.76666679e+001, 4.86666679e+001, 58.,
       6.93333359e+001, 5.76666679e+001, 3.76666679e+001, 61.,
       8.73333359e+001, 22., 3.96666679e+001, 34., 1.83333340e+001, 31.,
       18., 23., 2.03333340e+001, 3.73333359e+001, 17., 23.,
       3.43333359e+001, 1.83333340e+001, 1.13333340e+001, 18.,
       3.56666679e+001, 84., 3.36666679e+001, 3.03333340e+001,
       7.93333359e+001, 5.73333359e+001, 4.13333359e+001, 44.,
       6.66666718e+001, 4.36666679e+001, 5.23333359e+001, 33.,
       6.03333359e+001, 8.36666718e+001, 33., 49., 6.56666718e+001,
       2.46666679e+001, 31., 2.73333340e+001, 3.13333340e+001, 41.,
       2.23333340e+001, 20., 24. ]
