%YAML:1.0
vocabulary: !!opencv-matrix
   rows: 6
   cols: 128
   dt: f
   data: [ 2.03333340e+001, 20., 3.03333340e+001, 53., 2.76666679e+001,
       24., 4.16666679e+001, 3.83333359e+001, 14., 3.03333340e+001,
       6.56666718e+001, 30., 1.43333340e+001, 4.83333359e+001, 90., 28.,
       3.03333340e+001, 9.03333359e+001, 5.06666679e+001,
       1.16666670e+001, 2.43333340e+001, 6.03333359e+001,
       4.63333359e+001, 1.13333340e+001, 41., 6.13333359e+001,
       1.36666670e+001, 4.66666698e+000, 9.33333397e+000,
       1.16666670e+001, 6.33333349e+000, 2.66666675e+000,
       6.33333359e+001, 20., 5.23333359e+001, 4.63333359e+001, 73.,
       2.76666679e+001, 3.46666679e+001, 4.26666679e+001,
       3.46666679e+001, 4.13333359e+001, 9.56666718e+001,
       4.53333359e+001, 4.36666679e+001, 4.66666679e+001,
       5.96666679e+001, 3.83333359e+001, 36., 59., 6.13333359e+001,
       2.76666679e+001, 71., 6.53333359e+001, 51., 21., 8.13333359e+001,
       4.86666679e+001, 2.66666679e+001, 9.33333397e+000,
       3.93333359e+001, 2.83333340e+001, 15., 19., 40., 2.66666679e+001,
       4.16666679e+001, 45., 6.96666718e+001, 4.16666679e+001, 46.,
       3.83333359e+001, 41., 65., 9.36666718e+001, 55., 5.63333359e+001,
       5.93333359e+001, 8.16666718e+001, 5.96666679e+001,
       3.86666679e+001, 4.33333359e+001, 3.83333359e+001,
       4.06666679e+001, 5.66666679e+001, 4.03333359e+001, 56., 40.,
       9.56666718e+001, 22., 1.36666670e+001, 1.96666679e+001, 40.,
       2.43333340e+001, 2.33333340e+001, 4.83333359e+001,
       1.16666670e+001, 1.63333340e+001, 2.96666679e+001,
       2.76666679e+001, 4.83333359e+001, 3.63333359e+001,
       2.26666679e+001, 1.73333340e+001, 1.46666670e+001,
       3.73333359e+001, 77., 4.03333359e+001, 2.13333340e+001, 31.,
       6.83333359e+001, 3.26666679e+001, 4.86666679e+001, 23., 28.,
       3.13333340e+001, 2.06666679e+001, 1.46666670e+001,
       1.86666679e+001, 3.63333359e+001, 43., 1.16666670e+001,
       9.33333397e+000, 8.33333397e+000, 1.53333340e+001, 10., 12.,
       3.73333359e+001, 13., 2.50000000e+000, 3., 5.25000000e+000,
       7.25000000e+000, 5.25000000e+000, 5., 12., 2.15000000e+001,
       5.50000000e+000, 4., 7.25000000e+000, 1.17500000e+001,
       6.25000000e+000, 1.87500000e+001, 3.12500000e+001,
       7.25000000e+000, 3., 2.50000000e+000, 3., 6., 2.25000000e+001,
       5.32500000e+001, 26., 4.25000000e+000, 2.25000000e+000, 2.,
       4.50000000e+000, 1.32500000e+001, 24., 15., 3.75000000e+000, 42.,
       1.45000000e+001, 8.25000000e+000, 1.05000000e+001, 34., 25., 12.,
       20., 8.05000000e+001, 31., 4.57500000e+001, 2.85000000e+001,
       3.57500000e+001, 2.72500000e+001, 39., 6.57500000e+001,
       4.55000000e+001, 4.57500000e+001, 85., 37., 36., 49.,
       7.67500000e+001, 5.62500000e+001, 1.82500000e+001,
       2.75000000e+001, 4.77500000e+001, 2.82500000e+001, 72.,
       6.15000000e+001, 40., 2.05000000e+001, 4.42500000e+001,
       3.22500000e+001, 1.42500000e+001, 1.65000000e+001, 34.,
       3.55000000e+001, 3.52500000e+001, 2.22500000e+001, 89.,
       5.12500000e+001, 4.12500000e+001, 3.97500000e+001,
       4.47500000e+001, 50., 5.17500000e+001, 46., 6.22500000e+001, 76.,
       1.04500000e+002, 72., 5.62500000e+001, 6.62500000e+001,
       9.97500000e+001, 6.87500000e+001, 2.77500000e+001,
       4.02500000e+001, 4.07500000e+001, 4.82500000e+001,
       7.65000000e+001, 4.97500000e+001, 4.17500000e+001,
       2.95000000e+001, 2.37500000e+001, 2.42500000e+001, 15.,
       1.05000000e+001, 1.37500000e+001, 17., 1.32500000e+001, 10.,
       8.55000000e+001, 56., 3.07500000e+001, 2.35000000e+001,
       5.95000000e+001, 6.62500000e+001, 30., 3.17500000e+001,
       4.07500000e+001, 5.17500000e+001, 84., 55., 4.57500000e+001,
       5.95000000e+001, 9.07500000e+001, 6.57500000e+001,
       2.67500000e+001, 1.95000000e+001, 1.87500000e+001,
       5.32500000e+001, 6.52500000e+001, 33., 22., 3.87500000e+001, 5.,
       7.66666698e+000, 9., 7., 1.36666670e+001, 1.43333340e+001,
       2.06666679e+001, 7.66666698e+000, 33., 2.53333340e+001,
       3.26666679e+001, 60., 4.66666679e+001, 2.03333340e+001,
       3.43333359e+001, 61., 1.26666670e+001, 2.53333340e+001,
       6.26666679e+001, 3.56666679e+001, 12., 3.13333340e+001,
       8.53333359e+001, 3.86666679e+001, 1.46666670e+001, 55.,
       4.56666679e+001, 11., 2.73333340e+001, 5.93333359e+001, 45.,
       8.33333397e+000, 14., 8., 4.33333349e+000, 6.66666698e+000,
       3.36666679e+001, 1.43333340e+001, 1.43333340e+001,
       7.33333349e+000, 8.36666718e+001, 2.96666679e+001,
       5.06666679e+001, 57., 9.93333359e+001, 3.83333359e+001,
       4.33333359e+001, 5.63333359e+001, 4.43333359e+001, 45.,
       9.83333359e+001, 5.06666679e+001, 4.13333359e+001, 38.,
       6.36666679e+001, 4.96666679e+001, 2.23333340e+001,
       4.73333359e+001, 6.43333359e+001, 34., 6.26666679e+001, 55.,
       4.83333359e+001, 1.86666679e+001, 7.66666698e+000, 15., 15.,
       4.33333349e+000, 1.86666679e+001, 2.33333340e+001,
       2.16666679e+001, 5.33333349e+000, 6.16666679e+001, 36.,
       4.53333359e+001, 5.03333359e+001, 9.23333359e+001,
       5.66666679e+001, 5.03333359e+001, 4.46666679e+001,
       4.86666679e+001, 6.53333359e+001, 1.02333336e+002, 66.,
       5.96666679e+001, 61., 8.73333359e+001, 65., 3.13333340e+001,
       4.16666679e+001, 3.73333359e+001, 38., 5.03333359e+001, 42.,
       4.86666679e+001, 30., 1.33333337e+000, 2.66666675e+000,
       1.36666670e+001, 2.33333349e+000, 3.66666675e+000,
       8.33333397e+000, 9.66666698e+000, 2.66666675e+000,
       1.56666670e+001, 22., 3.26666679e+001, 25., 6.66666718e+001,
       5.63333359e+001, 2.26666679e+001, 1.56666670e+001,
       1.56666670e+001, 4.16666679e+001, 9.16666718e+001,
       4.43333359e+001, 27., 4.23333359e+001, 83., 3.53333359e+001,
       3.43333359e+001, 1.96666679e+001, 2.86666679e+001, 35., 21., 12.,
       21., 3.16666679e+001, 2.62500000e+001, 1.05000000e+001,
       6.50000000e+000, 2.38750000e+001, 2.85000000e+001, 7.,
       1.08750000e+001, 2.32500000e+001, 3.41250000e+001,
       2.03750000e+001, 2.65000000e+001, 3.63750000e+001,
       2.38750000e+001, 1.77500000e+001, 3.63750000e+001,
       5.33750000e+001, 1.83750000e+001, 2.95000000e+001,
       2.87500000e+001, 1.58750000e+001, 1.83750000e+001,
       4.33750000e+001, 5.55000000e+001, 2.38750000e+001,
       1.86250000e+001, 2.55000000e+001, 1.42500000e+001,
       1.23750000e+001, 2.71250000e+001, 48., 2.61250000e+001,
       9.62500000e+000, 53., 2.81250000e+001, 1.78750000e+001,
       3.35000000e+001, 6.23750000e+001, 3.17500000e+001, 22.,
       2.88750000e+001, 7.48750000e+001, 4.08750000e+001,
       6.68750000e+001, 6.45000000e+001, 4.66250000e+001,
       3.43750000e+001, 5.07500000e+001, 5.86250000e+001,
       3.91250000e+001, 4.86250000e+001, 8.75000000e+001,
       4.92500000e+001, 3.93750000e+001, 4.56250000e+001,
       5.78750000e+001, 4.21250000e+001, 37., 4.96250000e+001,
       6.35000000e+001, 3.56250000e+001, 6.12500000e+001,
       5.28750000e+001, 4.66250000e+001, 25., 5.38750000e+001,
       3.71250000e+001, 2.48750000e+001, 2.82500000e+001, 53.,
       4.56250000e+001, 2.88750000e+001, 3.06250000e+001,
       5.83750000e+001, 4.26250000e+001, 4.95000000e+001, 57.,
       5.03750000e+001, 5.41250000e+001, 6.75000000e+001,
       5.12500000e+001, 4.67500000e+001, 5.22500000e+001,
       8.43750000e+001, 6.87500000e+001, 49., 5.55000000e+001,
       7.98750000e+001, 6.55000000e+001, 3.73750000e+001,
       5.51250000e+001, 4.63750000e+001, 3.33750000e+001,
       5.68750000e+001, 5.33750000e+001, 5.33750000e+001,
       3.48750000e+001, 3.73750000e+001, 2.41250000e+001,
       2.51250000e+001, 2.57500000e+001, 2.42500000e+001,
       2.12500000e+001, 1.82500000e+001, 1.98750000e+001,
       4.21250000e+001, 3.01250000e+001, 32., 4.06250000e+001,
       4.01250000e+001, 3.87500000e+001, 2.48750000e+001,
