%YAML:1.0
vocabulary: !!opencv-matrix
   rows: 4
   cols: 128
   dt: f
   data: [ 1.20784321e+001, 3.95098038e+001, 3.11176491e+001,
       1.72156868e+001, 9.56862736e+000, 3.68627453e+000,
       4.88235331e+000, 4.56862783e+000, 3.28431396e+001,
       4.65294151e+001, 2.02549019e+001, 9.23529434e+000,
       5.80392170e+000, 1.04509811e+001, 2.40588245e+001,
       2.14901962e+001, 1.45882359e+001, 2.30196095e+001,
       1.60392170e+001, 6.54901981e+000, 1.17843142e+001,
       2.72549038e+001, 2.59411774e+001, 1.20784321e+001,
       1.67647057e+001, 2.00784321e+001, 1.57450991e+001,
       6.11764717e+000, 5.90196085e+000, 7.05882359e+000,
       5.27450991e+000, 7.49019623e+000, 4.58039246e+001,
       2.71176472e+001, 1.60588245e+001, 1.30784321e+001,
       1.46274519e+001, 7.49019623e+000, 4.68627453e+000,
       1.68235302e+001, 1.29156860e+002, 4.86078453e+001,
       9.72549057e+000, 7.09803963e+000, 8.09803963e+000,
       2.29411774e+001, 6.96078491e+001, 1.00549026e+002,
       3.00196095e+001, 1.41176472e+001, 1.84509811e+001,
       3.60588264e+001, 8.84901962e+001, 9.37254944e+001,
       7.54705887e+001, 3.37843132e+001, 2.03137264e+001,
       1.87254906e+001, 2.12156868e+001, 1.68039227e+001,
       2.68235302e+001, 1.83725491e+001, 1.01960793e+001,
       1.38627453e+001, 4.61176491e+001, 1.97254906e+001,
       3.80392170e+000, 6.49019623e+000, 1.46862755e+001,
       2.78235302e+001, 1.71372547e+001, 1.41372557e+001,
       1.28019608e+002, 1.21470596e+002, 8.48039246e+001,
       2.55882359e+001, 7.41176510e+000, 6.29411793e+000,
       1.06274509e+001, 3.09803925e+001, 2.08627453e+001,
       4.55686302e+001, 1.06215691e+002, 1.08862747e+002,
       8.47451019e+001, 2.70392170e+001, 8.82353020e+000,
       7.47058868e+000, 2.59411774e+001, 2.46078434e+001,
       2.23333340e+001, 2.18823528e+001, 2.67647076e+001,
       1.13333340e+001, 1.08627453e+001, 1.59803925e+001,
       1.03725491e+001, 9.58823586e+000, 4.01960802e+000,
       2.47058821e+000, 1.21764708e+001, 3.99411774e+001,
       2.71176472e+001, 1.16862745e+001, 1.95882359e+001,
       3.58431396e+001, 2.72941189e+001, 7.07843161e+000,
       5.72549057e+000, 2.01568642e+001, 3.07843151e+001,
       1.65294132e+001, 1.91176472e+001, 2.02549019e+001,
       3.38431396e+001, 2.26078434e+001, 1.04705887e+001,
       1.16078434e+001, 2.63137264e+001, 1.76274509e+001,
       3.00000019e+001, 1.82549019e+001, 7.03921604e+000,
       5.80392170e+000, 7.27450991e+000, 6.47058868e+000,
       1.78823528e+001, 2.44117661e+001, 2.34242439e+001,
       1.48787880e+001, 1.67575760e+001, 1.53333340e+001,
       1.01515150e+001, 1.86060619e+001, 2.44242439e+001,
       2.20606060e+001, 25., 1.94545460e+001, 1.93636360e+001,
       2.45454559e+001, 2.96363640e+001, 41., 3.32424240e+001,
       2.14545460e+001, 4.54545479e+001, 1.60303040e+001,
       1.68484859e+001, 1.43636370e+001, 1.93333340e+001,
       2.53636379e+001, 5.56969719e+001, 5.85757599e+001,
       2.70303040e+001, 1.24242430e+001, 1.18181820e+001,
       3.78787899e+000, 1.43333340e+001, 3.68181839e+001,
       5.12424240e+001, 3.63636360e+001, 2.82121220e+001,
       2.08484859e+001, 1.06060610e+001, 1.33333340e+001,
       1.62121220e+001, 2.39090919e+001, 3.23636360e+001,
       3.90909119e+001, 3.47272720e+001, 2.81515160e+001,
       2.88181820e+001, 5.88484879e+001, 7.33939438e+001,
       4.66363640e+001, 2.34545460e+001, 1.48787880e+001,
       1.21909096e+002, 5.70303040e+001, 1.82121220e+001,
       1.49090910e+001, 1.05454550e+001, 1.20606060e+001,
       2.82727280e+001, 4.93333359e+001, 3.96666679e+001,
       7.75757599e+000, 6.57575798e+000, 1.78484859e+001,
       3.42424240e+001, 3.75151520e+001, 4.05757599e+001,
       3.03333340e+001, 3.30909119e+001, 4.06969719e+001,
       2.32424240e+001, 1.72424240e+001, 1.86363640e+001, 14.,
       1.83636360e+001, 2.65757580e+001, 3.14242439e+001,
       1.37272730e+001, 1.63636360e+001, 4.14242439e+001,
       6.56363678e+001, 6.78181839e+001, 3.70303040e+001,
       3.40909119e+001, 1.18272728e+002, 4.30606079e+001,
       2.26363640e+001, 1.39090910e+001, 1.00303030e+001,
       1.67878799e+001, 2.26363640e+001, 7.02424240e+001,
       3.69696999e+001, 2.74545460e+001, 3.38787880e+001,
       4.02121239e+001, 3.32424240e+001, 1.64545460e+001,
       9.15151501e+000, 1.59393940e+001, 2.72727280e+001, 33.,
       2.46363640e+001, 1.33939400e+001, 1.14545460e+001,
       8.33333397e+000, 1.92121220e+001, 2.43636379e+001,
       1.67878799e+001, 2.50606060e+001, 3.36666679e+001,
       4.11515160e+001, 4.13030319e+001, 2.41212120e+001,
       2.05757580e+001, 2.36363640e+001, 42., 6.20303040e+001,
       5.73939400e+001, 3.13939400e+001, 1.64545460e+001,
       1.13333340e+001, 1.32121220e+001, 2.53636379e+001,
       1.80909100e+001, 3.82121239e+001, 5.26969719e+001,
       4.61818199e+001, 1.10303030e+001, 9.15151501e+000,
       1.23030310e+001, 1.43333340e+001, 1.04499998e+001,
       1.14250002e+001, 2.68750000e+001, 5.92750015e+001,
       4.63500023e+001, 1.46250000e+001, 3.90000010e+000,
       4.02500010e+000, 3.93500023e+001, 4.27500000e+001,
       3.26749992e+001, 4.22750015e+001, 2.48500004e+001,
       8.12500000e+000, 5.82500029e+000, 1.36250000e+001,
       7.48499985e+001, 6.43750000e+001, 1.71000004e+001,
       8.77500057e+000, 1.06000004e+001, 6.25000000e+000,
       5.09999990e+000, 1.76250000e+001, 5.75499992e+001,
       3.94000015e+001, 6.20000029e+000, 1.75000000e+000,
       1.76750011e+001, 1.21999998e+001, 5.34999990e+000,
       9.60000038e+000, 1.98000011e+001, 1.54000006e+001,
       1.84750004e+001, 5.61500015e+001, 7.25000000e+001,
       2.50750008e+001, 7.55000019e+000, 8.42500019e+000,
       5.26000023e+001, 4.61250000e+001, 3.22500000e+001,
       4.85499992e+001, 5.60250015e+001, 1.78500004e+001,
       9.15000057e+000, 1.51750002e+001, 1.21474998e+002,
       7.33250046e+001, 1.76750011e+001, 1.31999998e+001,
       1.25500002e+001, 5.87500000e+000, 4.22499990e+000,
       2.28750000e+001, 8.07500000e+001, 2.48000011e+001,
       5.57500029e+000, 6.57500029e+000, 2.11000004e+001,
       1.35500002e+001, 7.50000000e+000, 1.87000008e+001,
       1.50749998e+001, 1.16500006e+001, 1.22250004e+001,
       2.56750011e+001, 7.38000031e+001, 5.33250008e+001,
       1.43249998e+001, 8.85000038e+000, 4.98250008e+001,
       1.84750004e+001, 1.60500011e+001, 2.34500008e+001,
       5.56000023e+001, 4.26000023e+001, 2.61750011e+001,
       3.82500000e+001, 1.27175003e+002, 2.59500008e+001,
       6.75000000e+000, 7.37500000e+000, 1.04499998e+001, 9.,
       1.18750000e+001, 7.00750046e+001, 7.99000015e+001,
       1.20250006e+001, 8., 1.06750002e+001, 2.16750011e+001,
       9.77500057e+000, 6.42500019e+000, 2.74750004e+001,
       4.67500019e+000, 1.05500002e+001, 6.47499990e+000,
       1.17750006e+001, 4.85250015e+001, 6.15499992e+001,
       1.77500000e+001, 5.02500010e+000, 3.50250015e+001,
       1.63250008e+001, 9.22500038e+000, 7.27500010e+000,
       1.94250011e+001, 4.08750000e+001, 3.57000008e+001,
       3.29249992e+001, 8.50999985e+001, 2.95750008e+001,
       9.90000057e+000, 3.27500010e+000, 4.17500019e+000,
       6.77500010e+000, 1.88500004e+001, 5.54500008e+001,
       5.17999992e+001, 2.18999996e+001, 1.31250000e+001,
       1.06750002e+001, 1.28500004e+001, 2.77500010e+000,
       5.72499990e+000, 2.48250008e+001, 2.15384617e+001,
       2.72307701e+001, 36., 4.37307701e+001, 2.15384617e+001,
       4.53846169e+000, 6.23076963e+000, 1.46153851e+001,
       5.75384636e+001, 4.05769234e+001, 3.43461533e+001,
       2.43461552e+001, 1.06923084e+001, 1.19615393e+001,
       1.10384617e+001, 2.18076935e+001, 2.07307701e+001,
       2.20769234e+001, 3.06538467e+001, 1.25384617e+001,
       2.10384617e+001, 2.82692318e+001, 1.30769234e+001,
       1.51923084e+001, 5.01153870e+001, 3.05384636e+001,
       1.26538467e+001, 6.92307711e+000, 1.55769234e+001,
