%YAML:1.0
vocabulary: !!opencv-matrix
   rows: 6
   cols: 128
   dt: f
   data: [ 4.24285736e+001, 2.67857151e+001, 1.16428576e+001,
       6.57142878e+000, 4.42857170e+000, 9.28571510e+000,
       1.78571434e+001, 2.58571434e+001, 3.35000000e+001,
       2.50714302e+001, 1.61428585e+001, 2.22142868e+001,
       3.53571434e+001, 4.22857170e+001, 2.35000019e+001,
       2.00714302e+001, 5.54285736e+001, 1.66428585e+001,
       1.33571434e+001, 1.88571434e+001, 3.30714302e+001,
       3.42142868e+001, 3.48571434e+001, 6.67142868e+001,
       3.63571434e+001, 1.02142859e+001, 5.42857170e+000,
       4.50000000e+000, 1.91428585e+001, 3.56428604e+001,
       2.89285736e+001, 4.94285736e+001, 3.94285736e+001,
       2.78571434e+001, 9.57142925e+000, 17., 1.42142868e+001,
       8.85714340e+000, 2.95000019e+001, 4.87857170e+001,
       2.96428585e+001, 3.19285736e+001, 5.16428604e+001,
       1.03928574e+002, 6.32857170e+001, 1.49285717e+001,
       1.41428576e+001, 1.37142868e+001, 1.18642860e+002,
       7.37142868e+001, 3.37142868e+001, 2.45000019e+001,
       8.14285755e+000, 1.02142859e+001, 1.34285717e+001,
       3.68571434e+001, 4.31428604e+001, 1.05714293e+001,
       9.42857170e+000, 2.90714302e+001, 4.85000038e+001,
       2.07142868e+001, 1.40000010e+001, 2.29285717e+001,
       2.90000019e+001, 5.05000038e+001, 3.73571434e+001,
       3.41428604e+001, 2.67142868e+001, 2.57142878e+000,
       4.28571463e+000, 2.05714302e+001, 4.06428604e+001,
       1.99285717e+001, 3.00000019e+001, 7.75714340e+001,
       8.35714340e+001, 2.54285717e+001, 9.50000000e+000,
       2.78571434e+001, 1.19857147e+002, 6.11428604e+001,
       3.89285736e+001, 1.95000000e+001, 7.21428585e+000,
       5.07142878e+000, 4.57142878e+000, 4.88571434e+001,
       2.67857151e+001, 2.92857151e+001, 5.85000038e+001,
       7.79285736e+001, 3.52857170e+001, 3.14285731e+000,
       7.85714328e-001, 2.85714293e+000, 1.74285717e+001,
       3.79285736e+001, 3.96428604e+001, 2.15714302e+001,
       1.55714293e+001, 7.28571463e+000, 7.92857170e+000,
       1.09285717e+001, 1.45714293e+001, 3.39285736e+001,
       5.73571472e+001, 4.50714302e+001, 2.97857151e+001,
       1.82857151e+001, 1.11428576e+001, 1.25714293e+001,
       3.58571434e+001, 6.34285736e+001, 8.93571472e+001,
       3.74285736e+001, 2.85714293e+000, 5., 6.21428585e+000,
       1.17142859e+001, 1.72142868e+001, 2.57142868e+001,
       7.30714340e+001, 6.49285736e+001, 8.92857170e+000, 4.,
       3.21428585e+000, 9.64285755e+000, 1.08717947e+001,
       2.04871788e+001, 2.01538467e+001, 2.09230766e+001, 12.,
       2.92307687e+000, 5.48717976e+000, 5.12820530e+000,
       2.32820511e+001, 21., 1.76410255e+001, 1.31538467e+001,
       7.02564096e+000, 1.10512819e+001, 2.92051277e+001,
       2.55128212e+001, 8., 1.68717957e+001, 1.91025639e+001,
       8.51282024e+000, 1.43589745e+001, 2.87948723e+001,
       2.93846149e+001, 1.16666670e+001, 1.46410255e+001,
       2.03589745e+001, 1.91538467e+001, 8.12820530e+000,
       7.17948723e+000, 6.64102554e+000, 3.71794868e+000,
       5.33333349e+000, 4.78461533e+001, 2.08974361e+001,
       1.48461542e+001, 1.52564106e+001, 1.62564106e+001,
       5.61538458e+000, 2.76923084e+000, 1.72564106e+001,
       1.28512817e+002, 3.57948723e+001, 9.43589783e+000,
       8.25641060e+000, 9.84615421e+000, 2.85384617e+001,
       8.79230804e+001, 1.17794876e+002, 1.40512819e+001,
       8.15384579e+000, 9.23076916e+000, 3.35384636e+001,
       1.10589745e+002, 1.19358978e+002, 9.49487228e+001,
       3.59230766e+001, 1.81538467e+001, 1.43076925e+001,
       1.02051287e+001, 1.62564106e+001, 3.36923065e+001,
       2.37948723e+001, 1.05897436e+001, 1.18205128e+001,
       4.86923065e+001, 1.78974361e+001, 3.12820506e+000,
       7.66666698e+000, 1.68717957e+001, 1.75641022e+001,
       1.52820511e+001, 1.64102573e+001, 1.29384613e+002,
       1.23820511e+002, 9.19743576e+001, 2.82051277e+001,
       8.92307663e+000, 6.97435904e+000, 1.02051287e+001,
       3.57692299e+001, 1.56923075e+001, 3.77692299e+001,
       1.01102562e+002, 1.18974358e+002, 109., 3.78205147e+001,
       1.14102564e+001, 8.23076916e+000, 2.08974361e+001,
       1.06410255e+001, 6.05128193e+000, 2.38974361e+001,
       3.55128212e+001, 1.69487190e+001, 1.56153851e+001,
       1.72307701e+001, 9.89743614e+000, 6.35897446e+000,
       5.53846169e+000, 2.92307687e+000, 1.32051287e+001,
       2.53076935e+001, 2.47435894e+001, 1.76410255e+001,
       1.93333340e+001, 3.49230766e+001, 3.07692318e+001,
       6.82051277e+000, 6.35897446e+000, 1.53846159e+001,
       2.71025639e+001, 2.21025639e+001, 1.50512819e+001,
       1.53589745e+001, 3.69487190e+001, 2.37435894e+001,
       1.22564106e+001, 1.13076925e+001, 2.35641022e+001,
       1.72820511e+001, 2.19487190e+001, 7.92307711e+000,
       5.84615374e+000, 7.33333349e+000, 9.46153831e+000,
       7.87179518e+000, 1.98717957e+001, 2.42820511e+001,
       8.25581360e+000, 6.65116262e+000, 2.14418602e+001,
       4.85348854e+001, 4.20930214e+001, 1.83023262e+001,
       1.22093019e+001, 1.07441864e+001, 2.61627903e+001,
       2.59767437e+001, 3.02093029e+001, 3.66744194e+001,
       2.66279068e+001, 1.97674427e+001, 2.02558136e+001,
       2.06976738e+001, 6.33953476e+001, 4.45813942e+001,
       2.12558136e+001, 8.67441845e+000, 6.16279078e+000,
       6.97674417e+000, 3.48837204e+001, 3.76744194e+001,
       5.03255806e+001, 3.28372078e+001, 1.05348835e+001,
       1.62790692e+000, 5.32558155e+000, 1.73953495e+001,
       3.38837204e+001, 1.86046505e+001, 2.12790699e+001,
       1.23255816e+001, 7.13953495e+000, 3.28139534e+001,
       6.37209282e+001, 3.19534874e+001, 1.73953495e+001,
       2.00930233e+001, 4.48837204e+001, 3.29302330e+001,
       2.00697670e+001, 3.78604660e+001, 7.05348816e+001,
       4.12093010e+001, 1.76511631e+001, 1.83255806e+001,
       1.23139534e+002, 6.07441864e+001, 1.20697670e+001,
       8.90697670e+000, 1.00930233e+001, 7.60465097e+000,
       2.02325573e+001, 4.23720932e+001, 7.38604660e+001,
       1.94418602e+001, 2.95348835e+000, 4.65116262e+000,
       1.06744184e+001, 2.33720932e+001, 3.17441864e+001,
       2.98372097e+001, 2.53488369e+001, 2.00465107e+001,
       7.65116262e+000, 1.18139534e+001, 5.62325592e+001,
       4.16046524e+001, 1.89767437e+001, 2.00930233e+001,
       3.02558136e+001, 1.19767437e+001, 6.30232573e+000,
       1.46511631e+001, 58., 7.39302292e+001, 4.41627922e+001,
       4.48604660e+001, 1.21976746e+002, 2.33488369e+001,
       5.65116262e+000, 5.34883738e+000, 9.95348835e+000,
       1.72790699e+001, 2.56976738e+001, 8.90465088e+001,
       7.67906952e+001, 1.86976738e+001, 8.93023300e+000,
       6.25581408e+000, 1.45348835e+001, 1.29069767e+001,
       1.00930233e+001, 3.26046524e+001, 1.82790699e+001,
       1.94883728e+001, 8.39534855e+000, 7.76744175e+000,
       3.37906990e+001, 4.01860466e+001, 2.30232563e+001,
       1.83953495e+001, 2.24186039e+001, 1.89534874e+001,
       9.44186020e+000, 1.87209301e+001, 3.07674408e+001,
       3.58139534e+001, 3.78139534e+001, 3.43488388e+001,
       6.15581398e+001, 4.07441864e+001, 1.74418602e+001,
       1.18139534e+001, 1.31395350e+001, 1.13488369e+001,
       2.27209301e+001, 5.27209282e+001, 4.42093010e+001,
       3.28372078e+001, 22., 1.50465117e+001, 6.11627913e+000,
       6.30232573e+000, 1.17906981e+001, 2.71162796e+001,
       2.16399994e+001, 2.29200001e+001, 2.81999989e+001,
       4.83199997e+001, 2.20399990e+001, 1.95999992e+000, 4.,
       1.51999998e+001, 6.11599998e+001, 3.45999985e+001,
       2.77600002e+001, 2.60799999e+001, 1.19600000e+001,
       1.24799995e+001, 1.10799999e+001, 2.37600002e+001,
       2.89599991e+001, 2.08400002e+001, 2.38799992e+001,
       1.11999998e+001, 2.15200005e+001, 2.95199986e+001,
       1.30799999e+001, 1.83599987e+001, 6.31999969e+001, 33.,
       9.35999966e+000, 2.63999987e+000, 5.03999996e+000,
       4.27999973e+000, 5.87999964e+000, 2.34399986e+001,
