%YAML:1.0
vocabulary: !!opencv-matrix
   rows: 10
   cols: 128
   dt: f
   data: [ 2.66822414e+001, 1.94766350e+001, 2.02616825e+001,
       2.45233631e+001, 2.01495323e+001, 1.72476635e+001,
       1.60747662e+001, 2.00560741e+001, 2.73878498e+001,
       2.49018688e+001, 2.74953270e+001, 2.84579430e+001,
       3.02710266e+001, 2.65794392e+001, 1.93878498e+001,
       2.01869144e+001, 4.38457947e+001, 2.60841122e+001,
       2.08551388e+001, 1.60841122e+001, 1.86962605e+001,
       2.51355133e+001, 3.61495323e+001, 4.67429886e+001,
       2.00233631e+001, 1.85514011e+001, 1.74065418e+001,
       1.10514011e+001, 1.99859810e+001, 3.64485970e+001,
       3.79392509e+001, 2.72009335e+001, 3.18598118e+001,
       2.45186901e+001, 1.87897186e+001, 2.37009335e+001,
       2.34158878e+001, 2.33317757e+001, 2.38130836e+001,
       2.62897186e+001, 4.21869164e+001, 3.00607471e+001,
       3.25420532e+001, 4.53878479e+001, 5.36168213e+001,
       3.37289696e+001, 1.62336445e+001, 1.59018688e+001,
       1.17640182e+002, 4.86635513e+001, 1.85280361e+001,
       1.37616816e+001, 1.33364477e+001, 1.70887852e+001,
       2.61261673e+001, 6.15186882e+001, 2.94859810e+001,
       1.39345789e+001, 1.45327101e+001, 2.65327091e+001,
       4.65467262e+001, 5.44439240e+001, 4.36214943e+001,
       2.98598118e+001, 3.28271027e+001, 3.24485970e+001,
       2.09766350e+001, 2.21214943e+001, 2.39906540e+001,
       2.30654202e+001, 2.10327091e+001, 2.26355133e+001,
       4.05654182e+001, 1.82476635e+001, 1.64906540e+001,
       3.28644867e+001, 5.44205589e+001, 4.92523346e+001,
       3.16915874e+001, 2.68644848e+001, 1.16822426e+002,
       6.80186920e+001, 3.04018688e+001, 1.84906540e+001,
       1.36401863e+001, 1.55700932e+001, 1.78084106e+001,
       4.47523346e+001, 2.62897186e+001, 3.00280361e+001,
       4.93831749e+001, 5.97102776e+001, 4.46261673e+001,
       2.26028023e+001, 1.00607471e+001, 1.11308403e+001,
       2.67943916e+001, 2.79065418e+001, 2.19345779e+001,
       1.85747662e+001, 2.02476635e+001, 1.88224297e+001,
       1.31495323e+001, 1.61869144e+001, 2.57383175e+001,
       2.85373821e+001, 2.61728954e+001, 2.92009335e+001,
       3.22850456e+001, 2.45654202e+001, 1.72429905e+001,
       1.78317757e+001, 3.55420532e+001, 5.79065399e+001,
       4.48130836e+001, 2.60700932e+001, 1.96635513e+001,
       1.64859810e+001, 1.44252329e+001, 1.71401863e+001,
       1.52710276e+001, 3.31682243e+001, 4.48644829e+001,
       4.03738289e+001, 1.97336445e+001, 1.19672890e+001,
       1.07289715e+001, 1.22990646e+001, 4.22641487e+001,
       1.85974846e+001, 1.22201252e+001, 1.56918230e+001,
       1.83207550e+001, 1.50377350e+001, 1.10503139e+001,
       2.50503139e+001, 5.18553429e+001, 2.36918240e+001,
       1.34968548e+001, 1.76477985e+001, 2.92201252e+001,
       1.81635208e+001, 1.42830181e+001, 2.76855335e+001,
       1.03918236e+002, 3.94779854e+001, 9.13836479e+000,
       8.62264156e+000, 7.74842739e+000, 6.81132030e+000,
       9.69182396e+000, 3.60125771e+001, 7.56289291e+001,
       2.58490562e+001, 4.36477995e+000, 4.15723276e+000,
       8.24528313e+000, 1.00314465e+001, 1.01823893e+001,
       2.97169800e+001, 6.19496841e+001, 2.81257858e+001,
       1.55849047e+001, 1.67106915e+001, 1.82327042e+001,
       1.43018866e+001, 1.25786161e+001, 3.35723267e+001,
       6.50188675e+001, 2.49433956e+001, 1.59937105e+001,
       3.15283012e+001, 5.35220108e+001, 2.90943394e+001,
       1.19308176e+001, 2.52075462e+001, 1.27075470e+002,
       4.19559746e+001, 7.99371052e+000, 8.72955990e+000,
       1.11760998e+001, 9.28301811e+000, 8.52830124e+000,
       3.45660362e+001, 9.31823883e+001, 2.59119492e+001,
       4.06918240e+000, 6.47798729e+000, 1.09433956e+001,
       9.25157166e+000, 1.14716978e+001, 3.79811325e+001,
       6.36981125e+001, 3.63836479e+001, 1.78050308e+001,
       1.94842758e+001, 1.61383648e+001, 1.22327042e+001, 10.,
       2.98616333e+001, 6.83018875e+001, 2.52955971e+001,
       1.42830181e+001, 3.07672939e+001, 5.51069145e+001,
       2.96792450e+001, 1.39308176e+001, 2.50314465e+001,
       1.29628922e+002, 2.98993702e+001, 5.46540880e+000,
       6.88679218e+000, 1.15031443e+001, 8.64779854e+000,
       8.72327042e+000, 4.70566025e+001, 9.44654083e+001,
       2.94905643e+001, 6.60377359e+000, 7.89937067e+000,
       9.15094280e+000, 6.34591150e+000, 6.96855307e+000,
       3.58364754e+001, 4.29371071e+001, 2.74905643e+001,
       1.26477985e+001, 1.62515717e+001, 1.75220127e+001,
       1.31069174e+001, 1.07861633e+001, 2.26729546e+001,
       6.34591179e+001, 2.87735844e+001, 1.15157232e+001,
       1.81320744e+001, 2.68364773e+001, 1.27295589e+001,
       1.10251570e+001, 2.86855335e+001, 1.11484276e+002,
       3.18679237e+001, 5.17610025e+000, 5.12578583e+000,
       7.16352177e+000, 5.10062885e+000, 9.84276676e+000,
       4.87987404e+001, 7.57421341e+001, 2.62578602e+001,
       8.21383667e+000, 9.18238926e+000, 7.52830172e+000,
       4.47169781e+000, 5.13836479e+000, 3.29245262e+001,
       1.82192993e+001, 1.82192993e+001, 2.81140347e+001,
       3.42017555e+001, 2.22982464e+001, 1.21578951e+001, 15.,
       2.02192993e+001, 3.01315784e+001, 1.95614033e+001,
       2.97894745e+001, 2.56228065e+001, 1.49912281e+001,
       1.35263157e+001, 2.30614033e+001, 3.81228065e+001,
       3.03859653e+001, 2.10526314e+001, 2.43596497e+001,
       1.25614033e+001, 9.31578922e+000, 1.92543869e+001,
       3.45701752e+001, 4.39122810e+001, 3.14122810e+001,
       2.42894745e+001, 1.71052628e+001, 7.78070164e+000,
       8.68421078e+000, 1.34210529e+001, 2.38859653e+001,
       3.42017555e+001, 3.54385986e+001, 1.83771935e+001,
       2.60701752e+001, 4.27280693e+001, 3.47368431e+001,
       2.51842098e+001, 1.41578951e+001, 1.77894745e+001,
       1.16842110e+002, 2.57368431e+001, 1.35614033e+001,
       1.05789471e+001, 6.60526323e+000, 1.68508778e+001,
       4.51491241e+001, 8.82456131e+001, 3.43157883e+001,
       9.84210491e+000, 6.82456160e+000, 5.07894754e+000,
       1.69824562e+001, 7.19473724e+001, 8.79210510e+001,
       6.05087738e+001, 2.87631588e+001, 1.75789471e+001,
       8.30701733e+000, 5.78947353e+000, 1.06578951e+001,
       2.98245621e+001, 5.22894745e+001, 4.75526314e+001,
       3.75614052e+001, 9.31578922e+000, 8.79824543e+000,
       2.10789471e+001, 3.40350876e+001, 4.00263176e+001,
       3.25175438e+001, 3.32807007e+001, 1.23675438e+002,
       4.25614052e+001, 6.35087729e+000, 4.71929836e+000,
       5.36842108e+000, 1.43684216e+001, 2.38771935e+001,
       6.88070145e+001, 6.88333359e+001, 2.37982464e+001,
       1.23333330e+001, 1.92631588e+001, 2.76754379e+001,
       4.69035072e+001, 3.90789490e+001, 3.70701752e+001,
       2.12368431e+001, 8.41228104e+000, 7.10526323e+000,
       1.07719297e+001, 1.78684216e+001, 3.68070183e+001,
       4.35877190e+001, 3.85350876e+001, 2.28684216e+001,
       9.20175457e+000, 3.23684216e+000, 6.40350866e+000,
       1.60438595e+001, 2.91754379e+001, 5.32543869e+001,
       5.51140366e+001, 7.07280731e+001, 1.45701752e+001,
       4.85964918e+000, 3.74561405e+000, 7.52631569e+000,
       1.70789471e+001, 4.21315804e+001, 8.33947372e+001,
       4.65789490e+001, 1.72456150e+001, 1.04210529e+001,
       1.17280703e+001, 1.24736843e+001, 1.68157902e+001,
       2.53333340e+001, 4.45701752e+001, 1.66052628e+001,
       7.92105246e+000, 7.33333349e+000, 1.37017546e+001,
       1.56491232e+001, 1.94561405e+001, 2.28596497e+001,
       2.90789471e+001, 3.09608936e+001, 1.75865917e+001,
       1.01843576e+001, 2.85139656e+001, 5.71787682e+001,
       1.59050274e+001, 4.15642452e+000, 8.10055828e+000,
       9.46815643e+001, 3.99944115e+001, 1.06815643e+001,
       1.39385471e+001, 2.34972057e+001, 1.12960892e+001,
       6.32960892e+000, 2.22011166e+001, 2.59720669e+001,
       1.28324022e+001, 8.84357548e+000, 2.84748592e+001,
       7.74748611e+001, 2.91173172e+001, 8.22346306e+000,
       1.04134073e+001, 3.31396637e+001, 1.88212280e+001,
