%YAML:1.0
vocabulary: !!opencv-matrix
   rows: 5
   cols: 128
   dt: f
   data: [ 2.29812336e+001, 1.61635399e+001, 1.85495987e+001,
       2.46246662e+001, 2.74316368e+001, 2.04477215e+001,
       1.53324404e+001, 1.69222527e+001, 3.21501350e+001,
       2.62252026e+001, 2.44396782e+001, 2.63458462e+001,
       3.39008064e+001, 2.30348530e+001, 1.61126003e+001,
       1.79839153e+001, 5.92037544e+001, 2.86916904e+001,
       1.70831108e+001, 1.36943703e+001, 2.17828426e+001,
       2.24075069e+001, 2.50482578e+001, 3.96809654e+001,
       1.99517441e+001, 1.44316359e+001, 1.17613945e+001,
       1.55361938e+001, 4.26514740e+001, 3.68686333e+001,
       2.62868633e+001, 2.00375347e+001, 3.06193047e+001,
       2.07050953e+001, 1.71340485e+001, 2.61072388e+001,
       3.31689034e+001, 2.42386074e+001, 1.98954430e+001,
       2.18927612e+001, 4.48364639e+001, 2.82734585e+001,
       2.57104568e+001, 4.06729240e+001, 5.98686333e+001,
       3.24477234e+001, 1.42198400e+001, 1.42841825e+001,
       1.21388741e+002, 4.66246681e+001, 1.42278824e+001,
       1.18310995e+001, 1.85951748e+001, 1.65710468e+001,
       1.87211800e+001, 4.88337822e+001, 2.73860607e+001,
       1.14959793e+001, 1.03378019e+001, 2.58793583e+001,
       6.58740005e+001, 5.39410210e+001, 3.07774811e+001,
       2.16648808e+001, 3.22225227e+001, 2.66756039e+001,
       1.73887405e+001, 2.29410191e+001, 3.35067024e+001,
       2.48042908e+001, 1.78284187e+001, 1.96595173e+001,
       4.54396782e+001, 1.58498669e+001, 1.35978556e+001,
       3.09061680e+001, 6.14209137e+001, 4.35067024e+001,
       2.46085796e+001, 2.56407509e+001, 1.21085793e+002,
       5.25335121e+001, 2.01608582e+001, 1.56782846e+001,
       1.84932976e+001, 1.35924940e+001, 1.38364620e+001,
       4.28311005e+001, 2.63431644e+001, 2.19597855e+001,
       3.26568375e+001, 5.06622009e+001, 6.42359238e+001,
       3.03243980e+001, 8.71313667e+000, 9.80428982e+000,
       2.45522804e+001, 2.13002682e+001, 1.63163548e+001,
       1.95924931e+001, 2.79544239e+001, 2.17882042e+001,
       1.32386065e+001, 1.46541557e+001, 3.23243980e+001,
       2.21983929e+001, 1.78096523e+001, 2.52975883e+001,
       3.83780174e+001, 2.40831108e+001, 1.62198391e+001,
       2.23887405e+001, 5.86943703e+001, 4.69383392e+001,
       2.90402145e+001, 2.07479897e+001, 2.04101887e+001,
       1.33833780e+001, 1.31340485e+001, 2.37077751e+001,
       1.84584465e+001, 2.37828426e+001, 2.94075069e+001,
       3.50536194e+001, 3.97774811e+001, 1.84343166e+001,
       9.39678288e+000, 1.11045580e+001, 1.89293671e+001,
       1.24795542e+001, 1.32416353e+001, 3.12230473e+001,
       4.57992554e+001, 2.05278816e+001, 9.84014893e+000,
       1.35799255e+001, 4.51524162e+001, 3.15278816e+001,
       1.93754654e+001, 2.54684010e+001, 3.81486969e+001,
       1.66022301e+001, 1.03643122e+001, 1.77509289e+001,
       1.01847580e+002, 5.53940506e+001, 1.17806692e+001,
       7.26765776e+000, 7.17843866e+000, 4.80669117e+000,
       8.27137566e+000, 2.94200745e+001, 6.67546463e+001,
       3.35873604e+001, 5.79925632e+000, 3.48698878e+000,
       9.16728592e+000, 8.62825298e+000, 1.01189594e+001,
       2.22342014e+001, 2.55650558e+001, 1.53197021e+001,
       1.32899628e+001, 3.51747208e+001, 5.87249069e+001,
       2.64758358e+001, 1.05018587e+001, 1.69368019e+001,
       5.51858711e+001, 2.75241642e+001, 2.03717461e+001,
       3.59925652e+001, 5.97174721e+001, 2.80185871e+001,
       1.00557623e+001, 1.53271370e+001, 1.28286240e+002,
       5.40260201e+001, 1.09516726e+001, 8.37918186e+000,
       8.84758377e+000, 6.26022291e+000, 6.44609642e+000,
       3.28252792e+001, 8.73494415e+001, 3.14981403e+001,
       5.44981384e+000, 6.32342005e+000, 1.05762081e+001,
       8.21933079e+000, 1.12973976e+001, 3.09516716e+001,
       2.47286243e+001, 1.76208172e+001, 1.34832716e+001,
       2.50817833e+001, 5.42379189e+001, 3.43568764e+001,
       1.31970263e+001, 1.79553909e+001, 5.14572487e+001,
       1.51003714e+001, 1.04423790e+001, 2.47620811e+001,
       5.88810387e+001, 4.01263924e+001, 2.16133823e+001,
       2.93977699e+001, 1.28044601e+002, 3.02230473e+001,
       6.11895895e+000, 5.69516706e+000, 8.96282482e+000,
       1.00037174e+001, 1.07992563e+001, 5.60817833e+001,
       8.79256516e+001, 2.89144974e+001, 8.67657948e+000,
       7.81040907e+000, 1.17397766e+001, 6.89962816e+000,
       6.25650549e+000, 3.27211876e+001, 1.83977699e+001,
       1.45799255e+001, 1.07806692e+001, 1.79516735e+001,
       3.99107819e+001, 3.34349442e+001, 1.56022301e+001,
       1.39888477e+001, 4.00855026e+001, 1.95167294e+001,
       1.04869890e+001, 1.57472115e+001, 3.45018578e+001,
       2.85799255e+001, 2.19182148e+001, 2.94386616e+001,
       9.87025986e+001, 3.27286224e+001, 8.53903294e+000,
       4.45353174e+000, 7.19702578e+000, 8.01486969e+000,
       1.44126396e+001, 5.05539017e+001, 6.64535294e+001, 26.,
       9.76951694e+000, 7.31226778e+000, 9.75464630e+000,
       5.92565060e+000, 6.23791838e+000, 3.06728630e+001,
       2.34506588e+001, 3.16578941e+001, 3.16875000e+001,
       2.47138157e+001, 1.45361843e+001, 8.37828922e+000,
       1.20065794e+001, 1.63059216e+001, 3.99638176e+001,
       3.51447372e+001, 2.92138157e+001, 2.01973686e+001,
       1.32532892e+001, 1.34868422e+001, 2.32565784e+001,
       3.19407902e+001, 3.38223686e+001, 2.69868431e+001,
       2.18092098e+001, 1.33750000e+001, 1.37006578e+001,
       2.28388157e+001, 2.88585529e+001, 3.03881588e+001,
       2.65197372e+001, 2.49967098e+001, 1.87072372e+001,
       1.43223686e+001, 1.47302637e+001, 1.49868422e+001,
       1.71611843e+001, 2.15065784e+001, 47., 3.10394745e+001,
       2.83618431e+001, 3.19375000e+001, 2.35888157e+001,
       1.47730265e+001, 8.93750000e+000, 1.59342108e+001,
       1.21980263e+002, 3.78914490e+001, 1.44407892e+001,
       1.03914471e+001, 7.60855246e+000, 1.59473686e+001,
       4.27565804e+001, 8.42368393e+001, 3.38684196e+001,
       1.56710529e+001, 1.69967098e+001, 2.74375000e+001,
       4.98684196e+001, 6.90263138e+001, 6.45328979e+001,
       4.24506569e+001, 2.86710529e+001, 2.72993431e+001,
       2.36842098e+001, 2.22861843e+001, 2.16019745e+001,
       2.29046059e+001, 2.41611843e+001, 2.65197372e+001,
       5.13947372e+001, 2.01381588e+001, 1.00493422e+001,
       1.58618422e+001, 2.41085529e+001, 2.94342098e+001,
       2.44276314e+001, 2.73848686e+001, 1.23450661e+002,
       8.22598724e+001, 3.87697372e+001, 1.52697372e+001,
       7.53618431e+000, 9.61842155e+000, 1.35756578e+001,
       4.18848686e+001, 3.43519745e+001, 3.71776314e+001,
       5.83092117e+001, 6.78618393e+001, 5.34605255e+001,
       3.02039471e+001, 1.82532902e+001, 1.57434216e+001,
       2.84473686e+001, 2.33947372e+001, 2.24375000e+001,
       2.31973686e+001, 2.37664471e+001, 2.09111843e+001,
       2.27631588e+001, 2.76677628e+001, 2.83815784e+001,
       1.58486843e+001, 8.48684216e+000, 8.02960491e+000,
       1.53157892e+001, 2.51743431e+001, 3.24440804e+001,
       3.56118431e+001, 4.92828941e+001, 3.41118431e+001,
       1.89703941e+001, 1.01907892e+001, 1.14605265e+001,
       1.84638157e+001, 2.87730274e+001, 4.22171059e+001,
       3.07236843e+001, 2.55756588e+001, 2.55032902e+001,
       2.16019745e+001, 1.43947372e+001, 1.69046059e+001,
       2.46348686e+001, 2.81842098e+001, 2.45032902e+001,
       1.60263157e+001, 1.28026314e+001, 1.63651314e+001,
       1.54342108e+001, 1.46414471e+001, 2.07171059e+001,
       2.72565784e+001, 3.70550842e+001, 2.34067802e+001,
       9.80932236e+000, 2.43686447e+001, 4.80762711e+001,
       1.44237289e+001, 4.52542353e+000, 1.08813562e+001,
       9.72542343e+001, 4.21779671e+001, 8.50000000e+000,
       1.14957628e+001, 2.03347454e+001, 1.10296612e+001,
       7.10169506e+000, 2.55635586e+001, 2.88601704e+001,
       1.44110174e+001, 9.17372894e+000, 2.62033901e+001,
       7.14618683e+001, 2.89618645e+001, 8.61016941e+000,
       1.28983049e+001, 2.88220348e+001, 1.66313553e+001,
