%YAML:1.0
vocabulary: !!opencv-matrix
   rows: 3
   cols: 128
   dt: f
   data: [ 2.68000011e+001, 1.83000011e+001, 1.83999996e+001,
       1.83999996e+001, 1.86000004e+001, 23., 32., 3.35000000e+001,
       2.41000004e+001, 2.86000004e+001, 2.48999996e+001,
       1.73999996e+001, 2.47000008e+001, 4.77000008e+001, 54.,
       2.66000004e+001, 3.57000008e+001, 4.64000015e+001, 27.,
       2.38999996e+001, 6.31000023e+001, 6.34000015e+001,
       3.62999992e+001, 2.08999996e+001, 2.38000011e+001,
       1.98999996e+001, 1.19000006e+001, 1.39000006e+001,
       3.77000008e+001, 2.07000008e+001, 1.19000006e+001,
       1.01999998e+001, 4.01000023e+001, 3.72999992e+001,
       7.29000015e+001, 3.57999992e+001, 1.93000011e+001,
       2.97000008e+001, 5.21000023e+001, 39., 30., 4.37000008e+001,
       8.85000000e+001, 5.25000000e+001, 3.92000008e+001,
       4.31000023e+001, 6.36000023e+001, 3.85000000e+001,
       3.99000015e+001, 5.77999992e+001, 7.50999985e+001,
       3.84000015e+001, 8.25999985e+001, 5.95000000e+001,
       5.85000000e+001, 3.82000008e+001, 3.95000000e+001,
       2.68000011e+001, 2.05000000e+001, 2.08000011e+001,
       6.68000031e+001, 2.97000008e+001, 20., 2.31000004e+001,
       4.46000023e+001, 3.74000015e+001, 48., 4.59000015e+001,
       2.63999996e+001, 3.97999992e+001, 6.02999992e+001,
       4.86000023e+001, 5.02999992e+001, 53., 6.45999985e+001,
       4.45000000e+001, 5.77000008e+001, 6.60999985e+001,
       6.93000031e+001, 4.94000015e+001, 4.52000008e+001,
       5.72000008e+001, 4.87999992e+001, 4.96000023e+001,
       8.19000015e+001, 6.07999992e+001, 6.64000015e+001,
       4.84000015e+001, 3.56000023e+001, 2.17000008e+001,
       2.17000008e+001, 3.32999992e+001, 6.17000008e+001,
       3.12000008e+001, 2.05000000e+001, 2.63999996e+001,
       3.75000000e+001, 4.26000023e+001, 4.57000008e+001,
       3.01000004e+001, 2.58000011e+001, 2.96000004e+001, 34.,
       2.67000008e+001, 2.87000008e+001, 4.54000015e+001,
       7.95999985e+001, 4.42000008e+001, 3.07000008e+001,
       3.75000000e+001, 7.20999985e+001, 4.17999992e+001,
       2.67000008e+001, 2.43000011e+001, 26., 5.09000015e+001,
       5.72000008e+001, 2.37000008e+001, 2.28000011e+001,
       3.36000023e+001, 1.66000004e+001, 1.28000002e+001,
       1.25000000e+001, 1.96000004e+001, 3.03000011e+001,
       1.36999998e+001, 1.29000006e+001, 1.26000004e+001,
       2.95714302e+001, 1.25714293e+001, 1.10714293e+001,
       2.27857151e+001, 2.86428585e+001, 1.02857151e+001,
       1.19285717e+001, 2.03571434e+001, 4.64285736e+001,
       2.09285717e+001, 2.10714302e+001, 3.92142868e+001,
       2.97142868e+001, 1.95000000e+001, 3.75714302e+001, 65., 20.,
       2.22142868e+001, 1.84285717e+001, 1.41428576e+001,
       1.93571434e+001, 4.37857170e+001, 6.11428604e+001,
       2.94285736e+001, 1.96428585e+001, 2.91428585e+001,
       1.37857151e+001, 1.20714293e+001, 34., 5.06428604e+001,
       3.10000019e+001, 1.29285717e+001, 5.70714302e+001,
       2.43571434e+001, 1.39285717e+001, 2.21428585e+001,
       5.12857170e+001, 2.87142868e+001, 1.81428585e+001,
       2.45714302e+001, 8.10714340e+001, 4.02857170e+001,
       7.08571472e+001, 5.24285736e+001, 3.95000000e+001,
       3.67142868e+001, 5.82857170e+001, 5.95714302e+001,
       3.85000000e+001, 4.70000038e+001, 8.72142868e+001,
       4.47857170e+001, 3.43571434e+001, 4.19285736e+001,
       6.37857170e+001, 4.47142868e+001, 2.45000019e+001,
       3.58571434e+001, 6.67142868e+001, 3.75714302e+001,
       6.25000038e+001, 4.95714302e+001, 4.94285736e+001,
       2.54285717e+001, 5.95714302e+001, 3.10000019e+001,
       1.58571434e+001, 2.07142868e+001, 4.36428604e+001,
       3.59285736e+001, 2.04285717e+001, 2.16428585e+001,
       7.07857208e+001, 5.27142868e+001, 5.12142868e+001,
       5.41428604e+001, 4.07857170e+001, 5.12142868e+001,
       6.79285736e+001, 5.36428604e+001, 5.31428604e+001,
       5.26428604e+001, 7.89285736e+001, 6.27142868e+001,
       5.34285736e+001, 5.52857170e+001, 7.62857208e+001,
       6.45000000e+001, 3.36428604e+001, 4.40714302e+001,
       4.59285736e+001, 4.06428604e+001, 6.15714302e+001,
       5.04285736e+001, 5.52142868e+001, 3.62857170e+001,
       3.05714302e+001, 1.79285717e+001, 1.31428576e+001,
       1.15000010e+001, 2.22857151e+001, 17., 1.05000000e+001,
       1.35000010e+001, 5.24285736e+001, 4.27142868e+001,
       3.11428585e+001, 2.97857151e+001, 4.27857170e+001,
       3.45714302e+001, 2.30714302e+001, 3.22857170e+001,
       2.92142868e+001, 4.51428604e+001, 8.56428604e+001,
       5.27142868e+001, 3.10714302e+001, 4.47857170e+001,
       8.25714340e+001, 4.48571434e+001, 2.79285736e+001,
       2.52857151e+001, 3.38571434e+001, 4.34285736e+001,
       4.11428604e+001, 2.25000019e+001, 2.82857151e+001,
       3.77857170e+001, 2.76666679e+001, 9., 1.76666679e+001,
       4.13333359e+001, 2.81666679e+001, 1.53333340e+001, 35.,
       4.55000000e+001, 1.73333340e+001, 2.58333340e+001,
       3.85000000e+001, 2.15000000e+001, 1.71666679e+001, 42.,
       6.21666679e+001, 25., 4.13333359e+001, 69., 3.06666679e+001,
       1.51666670e+001, 3.03333340e+001, 4.58333359e+001,
       2.85000000e+001, 1.21666670e+001, 2.21666679e+001,
       1.91666679e+001, 6., 9.16666698e+000, 1.15000000e+001, 10.,
       6.33333349e+000, 3.50000000e+000, 67., 2.66666679e+001,
       5.23333359e+001, 4.91666679e+001, 52., 2.93333340e+001, 43.,
       4.51666679e+001, 2.68333340e+001, 34., 8.78333359e+001,
       6.36666679e+001, 46., 4.45000000e+001, 6.91666718e+001, 40.,
       8.26666718e+001, 5.98333359e+001, 6.65000000e+001,
       3.75000000e+001, 6.71666718e+001, 5.41666679e+001,
       5.51666679e+001, 3.45000000e+001, 58., 1.91666679e+001, 9.,
       1.26666670e+001, 2.95000000e+001, 1.81666679e+001,
       1.03333340e+001, 1.41666670e+001, 5.21666679e+001,
       2.55000000e+001, 4.06666679e+001, 5.23333359e+001,
       4.76666679e+001, 4.41666679e+001, 5.43333359e+001,
       4.71666679e+001, 3.61666679e+001, 47., 8.78333359e+001,
       7.03333359e+001, 6.31666679e+001, 62., 87., 5.96666679e+001,
       7.73333359e+001, 46., 43., 3.88333359e+001, 57., 43., 63., 61.,
       4.95000000e+001, 1.21666670e+001, 8.66666698e+000,
       1.66666679e+001, 2.68333340e+001, 1.86666679e+001, 14., 25.,
       3.65000000e+001, 28., 3.11666679e+001, 2.78333340e+001,
       4.13333359e+001, 4.38333359e+001, 2.11666679e+001, 23., 25.,
       3.08333340e+001, 7.08333359e+001, 6.53333359e+001,
       3.96666679e+001, 4.55000000e+001, 6.71666718e+001, 46.,
       6.41666718e+001, 3.36666679e+001, 2.68333340e+001,
       4.71666679e+001, 3.55000000e+001, 1.58333340e+001, 22.,
       6.33333359e+001, 2.25000000e+001, 1.38333340e+001, 12.,
       1.61666679e+001, 1.25000000e+001, 9.66666698e+000,
       1.05000000e+001, 1.25000000e+001 ]
