%YAML:1.0
vocabulary: !!opencv-matrix
   rows: 3
   cols: 128
   dt: f
   data: [ 2.26000004e+001, 7.09999990e+000, 3.60000014e+000,
       1.68999996e+001, 2.51000004e+001, 6., 8.90000057e+000,
       1.81000004e+001, 3.37000008e+001, 1.34000006e+001,
       1.28000002e+001, 2.82000008e+001, 2.33000011e+001, 12.,
       2.66000004e+001, 4.85000000e+001, 1.36000004e+001,
       1.65000000e+001, 1.61000004e+001, 1.11999998e+001, 13.,
       3.35000000e+001, 5.42999992e+001, 2.51000004e+001,
       1.26000004e+001, 1.68000011e+001, 11., 11., 2.33999996e+001,
       3.77000008e+001, 2.51000004e+001, 8., 4.27999992e+001,
       2.08000011e+001, 1.08000002e+001, 21., 5.71000023e+001,
       2.86000004e+001, 1.59000006e+001, 1.83999996e+001,
       8.58000031e+001, 4.04000015e+001, 5.97999992e+001,
       5.06000023e+001, 5.12999992e+001, 3.37999992e+001,
       4.56000023e+001, 5.95000000e+001, 4.14000015e+001,
       4.65000000e+001, 9.13000031e+001, 4.82999992e+001,
       4.04000015e+001, 4.67000008e+001, 6.64000015e+001,
       4.87999992e+001, 3.03000011e+001, 3.77000008e+001,
       6.35000000e+001, 3.72999992e+001, 6.29000015e+001,
       5.01000023e+001, 4.74000015e+001, 2.46000004e+001,
       3.86000023e+001, 2.75000000e+001, 1.81000004e+001,
       1.88999996e+001, 4.32000008e+001, 3.85000000e+001,
       2.88000011e+001, 2.13999996e+001, 7.34000015e+001,
       4.72000008e+001, 4.71000023e+001, 5.06000023e+001,
       5.32999992e+001, 5.66000023e+001, 6.39000015e+001,
       4.94000015e+001, 5.25000000e+001, 6.02999992e+001,
       9.50999985e+001, 7.32000046e+001, 5.71000023e+001, 59.,
       8.75000000e+001, 6.79000015e+001, 32., 4.42000008e+001,
       4.49000015e+001, 4.17999992e+001, 5.87000008e+001,
       4.57000008e+001, 5.02999992e+001, 3.27000008e+001,
       2.67000008e+001, 1.86000004e+001, 2.21000004e+001,
       1.87000008e+001, 1.72000008e+001, 1.78999996e+001,
       1.54000006e+001, 1.58000002e+001, 55., 3.52999992e+001,
       3.42000008e+001, 3.61000023e+001, 4.97000008e+001,
       5.24000015e+001, 2.87000008e+001, 2.91000004e+001,
       2.57000008e+001, 4.02000008e+001, 8.45999985e+001,
       5.45000000e+001, 3.55000000e+001, 4.72000008e+001,
       8.85000000e+001, 5.22000008e+001, 2.43000011e+001,
       2.61000004e+001, 3.08999996e+001, 3.84000015e+001,
       3.99000015e+001, 2.48000011e+001, 2.73000011e+001,
       3.27999992e+001, 2.45714302e+001, 1.24285717e+001,
       1.45714293e+001, 3.01428585e+001, 2.37142868e+001,
       1.64285717e+001, 2.97142868e+001, 4.01428604e+001,
       1.48571434e+001, 21., 2.11428585e+001, 1.37142868e+001,
       1.85714302e+001, 4.51428604e+001, 5.28571434e+001,
       2.01428585e+001, 3.65714302e+001, 4.45714302e+001,
       1.62857151e+001, 1.51428576e+001, 4.54285736e+001,
       5.45714302e+001, 2.22857151e+001, 1.10000010e+001,
       3.11428585e+001, 2.24285717e+001, 7.57142878e+000,
       9.42857170e+000, 1.40000010e+001, 1.14285717e+001,
       7.71428585e+000, 8.42857170e+000, 6.42857208e+001,
       3.58571434e+001, 6.28571472e+001, 4.82857170e+001,
       4.47142868e+001, 3.07142868e+001, 4.30000038e+001,
       4.47142868e+001, 3.28571434e+001, 4.45714302e+001,
       9.20000076e+001, 5.34285736e+001, 4.22857170e+001,
       4.78571434e+001, 6.18571472e+001, 3.87142868e+001,
       7.24285736e+001, 5.31428604e+001, 6.54285736e+001,
       4.45714302e+001, 9.50000076e+001, 6.14285736e+001,
       5.14285736e+001, 3.77142868e+001, 5.94285736e+001,
       2.45714302e+001, 20., 1.81428585e+001, 2.98571434e+001,
       2.01428585e+001, 2.01428585e+001, 2.22857151e+001,
       4.42857170e+001, 35., 4.65714302e+001, 4.87142868e+001,
       4.41428604e+001, 4.50000038e+001, 5.52857170e+001,
       4.41428604e+001, 4.60000038e+001, 6.02857170e+001,
       9.12857208e+001, 6.48571472e+001, 6.20000038e+001,
       6.34285736e+001, 8.05714340e+001, 5.82857170e+001,
       6.22857170e+001, 5.02857170e+001, 4.85714302e+001,
       4.92857170e+001, 8.12857208e+001, 5.11428604e+001,
       5.65714302e+001, 5.00000038e+001, 4.44285736e+001,
       1.72857151e+001, 2.44285717e+001, 1.68571434e+001,
       2.78571434e+001, 1.82857151e+001, 1.68571434e+001,
       2.70000019e+001, 40., 2.92857151e+001, 3.81428604e+001,
       3.71428604e+001, 3.25714302e+001, 3.88571434e+001,
       2.62857151e+001, 2.42857151e+001, 21., 3.78571434e+001,
       8.70000076e+001, 5.41428604e+001, 3.12857151e+001,
       4.32857170e+001, 84., 4.68571434e+001, 4.27142868e+001,
       3.62857170e+001, 3.04285736e+001, 4.60000038e+001,
       5.21428604e+001, 1.88571434e+001, 2.02857151e+001,
       4.75714302e+001, 20., 1.92857151e+001, 1.58571434e+001,
       9.14285755e+000, 1.27142859e+001, 8., 1.14285717e+001,
       1.22857151e+001, 1.83333340e+001, 7.66666698e+000,
       8.66666698e+000, 9.66666698e+000, 6.33333349e+000,
       6.33333349e+000, 3.03333340e+001, 3.93333359e+001, 10.,
       9.33333397e+000, 12., 9.33333397e+000, 9.33333397e+000,
       3.03333340e+001, 9.13333359e+001, 3.36666679e+001,
       7.66666698e+000, 9.66666698e+000, 9.33333397e+000,
       1.16666670e+001, 28., 6.13333359e+001, 4.53333359e+001,
       8.33333397e+000, 5.66666698e+000, 3.33333349e+000, 2.,
       3.33333349e+000, 8., 9.66666698e+000, 3.33333349e+000,
       3.66666675e+000, 61., 2.63333340e+001, 56., 3.03333340e+001, 16.,
       1.63333340e+001, 3.73333359e+001, 6.03333359e+001, 41.,
       5.06666679e+001, 9.46666718e+001, 4.16666679e+001,
       3.96666679e+001, 47., 6.83333359e+001, 48., 2.36666679e+001, 53.,
       6.73333359e+001, 3.33333359e+001, 8.26666718e+001, 90.,
       5.86666679e+001, 2.56666679e+001, 18., 1.13333340e+001,
       9.33333397e+000, 1.63333340e+001, 42., 2.86666679e+001, 13.,
       1.46666670e+001, 7.16666718e+001, 35., 41., 5.06666679e+001,
       2.96666679e+001, 2.86666679e+001, 53., 49., 59., 8.53333359e+001,
       9.76666718e+001, 6.23333359e+001, 53., 6.96666718e+001,
       9.36666718e+001, 63., 3.66666679e+001, 54., 43., 6.23333359e+001,
       80., 55., 64., 4.06666679e+001, 3.13333340e+001, 13., 13.,
       3.86666679e+001, 6.63333359e+001, 2.73333340e+001,
       2.33333340e+001, 3.03333340e+001, 48., 3.46666679e+001,
       3.76666679e+001, 3.26666679e+001, 5.13333359e+001,
       4.16666679e+001, 4.66666679e+001, 32., 2.76666679e+001,
       5.63333359e+001, 9.63333359e+001, 5.33333359e+001,
       2.93333340e+001, 3.73333359e+001, 9.53333359e+001,
       4.63333359e+001, 3.46666679e+001, 31., 2.73333340e+001, 67.,
       5.76666679e+001, 26., 23., 23., 1.66666679e+001, 1.23333340e+001,
       1.33333340e+001, 2.86666679e+001, 2.63333340e+001,
       1.06666670e+001, 1.56666670e+001, 1.33333340e+001 ]
