%YAML:1.0
vocabulary: !!opencv-matrix
   rows: 21
   cols: 128
   dt: f
   data: [ 2.90000019e+001, 1.72857151e+001, 2.02857151e+001,
       2.05714302e+001, 1.72857151e+001, 1.75714302e+001,
       4.27142868e+001, 4.70000038e+001, 2.18571434e+001,
       2.78571434e+001, 2.34285717e+001, 1.82857151e+001,
       2.65714302e+001, 6.08571472e+001, 7.14285736e+001,
       3.01428585e+001, 2.22857151e+001, 3.21428604e+001,
       2.67142868e+001, 1.87142868e+001, 4.90000038e+001,
       6.20000038e+001, 2.78571434e+001, 1.24285717e+001,
       8.14285755e+000, 1.30000010e+001, 1.35714293e+001,
       4.42857170e+000, 8.14285755e+000, 6.71428585e+000,
       6.57142878e+000, 3.14285731e+000, 4.64285736e+001,
       3.58571434e+001, 73., 37., 1.67142868e+001, 2.62857151e+001,
       5.17142868e+001, 4.71428604e+001, 40., 5.27142868e+001,
       9.18571472e+001, 5.22857170e+001, 5.10000038e+001,
       5.01428604e+001, 6.57142868e+001, 4.04285736e+001,
       3.02857151e+001, 4.51428604e+001, 6.38571472e+001,
       3.68571434e+001, 1.01142860e+002, 69., 4.62857170e+001,
       2.68571434e+001, 1.47142868e+001, 1.02857151e+001,
       1.41428576e+001, 5.42857170e+000, 1.30000010e+001,
       6.57142878e+000, 6.42857170e+000, 1.05714293e+001,
       4.61428604e+001, 4.32857170e+001, 5.35714302e+001,
       4.81428604e+001, 3.08571434e+001, 4.07142868e+001,
       6.67142868e+001, 4.80000038e+001, 6.10000038e+001, 72.,
       8.74285736e+001, 5.60000038e+001, 64., 6.47142868e+001,
       8.60000076e+001, 6.22857170e+001, 3.84285736e+001,
       4.72857170e+001, 4.32857170e+001, 5.45714302e+001,
       1.02571434e+002, 5.85714302e+001, 5.41428604e+001,
       4.17142868e+001, 1.20000010e+001, 1.27142859e+001,
       1.42857151e+001, 7.14285755e+000, 1.64285717e+001,
       1.21428576e+001, 1.47142868e+001, 1.75714302e+001,
       4.05714302e+001, 4.94285736e+001, 3.47142868e+001,
       2.70000019e+001, 3.28571434e+001, 3.47142868e+001,
       2.81428585e+001, 2.11428585e+001, 2.91428585e+001,
       5.45714302e+001, 9.11428604e+001, 5.28571434e+001,
       3.74285736e+001, 4.54285736e+001, 8.42857208e+001,
       4.51428604e+001, 3.37142868e+001, 2.75714302e+001,
       2.25714302e+001, 5.78571472e+001, 7.64285736e+001,
       2.48571434e+001, 2.08571434e+001, 2.50000019e+001,
       1.07142859e+001, 9.14285755e+000, 7.57142878e+000,
       3.85714293e+000, 6.57142878e+000, 8.57142925e+000,
       1.11428576e+001, 7.42857170e+000, 2.73750000e+001,
       6.12500000e+000, 5.37500000e+000, 1.61250000e+001,
       1.98750000e+001, 4.75000000e+000, 5.62500000e+000,
       1.12500000e+001, 2.88750000e+001, 7.62500000e+000,
       7.75000000e+000, 2.45000000e+001, 2.65000000e+001,
       6.62500000e+000, 1.01250000e+001, 2.82500000e+001,
       8.12500000e+000, 8.37500000e+000, 1.77500000e+001,
       8.75000000e+000, 4.75000000e+000, 1.48750000e+001,
       2.97500000e+001, 1.47500000e+001, 8.12500000e+000,
       8.62500000e+000, 9.75000000e+000, 1.13750000e+001,
       1.46250000e+001, 1.61250000e+001, 1.32500000e+001,
       6.62500000e+000, 65., 1.43750000e+001, 1.18750000e+001,
       2.81250000e+001, 7.36250000e+001, 2.55000000e+001,
       1.12500000e+001, 2.38750000e+001, 9.16250000e+001,
       4.08750000e+001, 5.46250000e+001, 4.57500000e+001, 83., 43., 41.,
       5.43750000e+001, 4.57500000e+001, 5.51250000e+001,
       8.58750000e+001, 4.01250000e+001, 3.77500000e+001,
       4.33750000e+001, 60., 4.16250000e+001, 43., 3.81250000e+001,
       6.17500000e+001, 38., 6.27500000e+001, 46., 4.72500000e+001,
       3.13750000e+001, 5.86250000e+001, 1.81250000e+001,
       1.57500000e+001, 2.17500000e+001, 5.43750000e+001,
       2.97500000e+001, 1.17500000e+001, 2.02500000e+001,
       7.46250000e+001, 4.26250000e+001, 3.95000000e+001,
       4.02500000e+001, 81., 5.48750000e+001, 4.56250000e+001,
       3.98750000e+001, 6.37500000e+001, 6.12500000e+001,
       8.03750000e+001, 5.82500000e+001, 5.51250000e+001,
       5.47500000e+001, 75., 5.73750000e+001, 4.53750000e+001,
       4.03750000e+001, 4.55000000e+001, 3.78750000e+001,
       5.55000000e+001, 4.12500000e+001, 4.86250000e+001,
       4.38750000e+001, 4.02500000e+001, 2.43750000e+001,
       3.57500000e+001, 3.96250000e+001, 2.98750000e+001,
       1.73750000e+001, 1.13750000e+001, 2.03750000e+001,
       6.41250000e+001, 3.16250000e+001, 3.56250000e+001,
       4.11250000e+001, 5.67500000e+001, 4.67500000e+001,
       1.63750000e+001, 23., 4.42500000e+001, 4.95000000e+001, 74.,
       4.31250000e+001, 4.28750000e+001, 4.52500000e+001,
       7.25000000e+001, 5.38750000e+001, 43., 2.93750000e+001,
       3.13750000e+001, 3.81250000e+001, 6.08750000e+001,
       1.96250000e+001, 2.16250000e+001, 5.65000000e+001,
       1.94285717e+001, 7.57142878e+000, 1.85714302e+001,
       6.18571472e+001, 2.84285736e+001, 7.14285755e+000,
       2.02857151e+001, 2.54285717e+001, 16., 3.05714302e+001,
       6.84285736e+001, 4.91428604e+001, 1.81428585e+001,
       3.95714302e+001, 6.87142868e+001, 3.01428585e+001,
       2.35714302e+001, 6.82857208e+001, 4.14285736e+001,
       1.40000010e+001, 19., 3.67142868e+001, 3.12857151e+001,
       1.08571434e+001, 1.61428585e+001, 2.07142868e+001,
       6.00000048e+000, 2.57142878e+000, 5.57142878e+000,
       4.85714293e+000, 7.42857170e+000, 3.71428585e+000,
       6.52857208e+001, 1.97142868e+001, 3.72857170e+001,
       5.35714302e+001, 76., 20., 3.18571434e+001, 4.77142868e+001,
       3.97142868e+001, 4.31428604e+001, 8.78571472e+001,
       3.74285736e+001, 3.78571434e+001, 5.34285736e+001,
       8.22857208e+001, 5.00000038e+001, 6.78571472e+001,
       5.48571472e+001, 4.70000038e+001, 2.47142868e+001, 77.,
       7.45714340e+001, 5.32857170e+001, 2.40000019e+001,
       6.32857170e+001, 2.25714302e+001, 1.02857151e+001,
       6.57142878e+000, 2.30000019e+001, 1.65714302e+001,
       2.02857151e+001, 1.57142868e+001, 6.35714302e+001,
       3.02857151e+001, 3.38571434e+001, 3.62857170e+001,
       7.11428604e+001, 3.64285736e+001, 3.52857170e+001,
       3.10000019e+001, 4.87142868e+001, 5.88571472e+001,
       8.91428604e+001, 5.31428604e+001, 4.82857170e+001,
       5.65714302e+001, 8.12857208e+001, 5.54285736e+001,
       7.05714340e+001, 4.47142868e+001, 3.38571434e+001,
       4.72857170e+001, 7.97142868e+001, 3.94285736e+001,
       4.42857170e+001, 4.90000038e+001, 7.51428604e+001,
       2.27142868e+001, 1.37142868e+001, 1.58571434e+001,
       4.22857170e+001, 1.44285717e+001, 1.72857151e+001,
       3.07142868e+001, 3.82857170e+001, 3.05714302e+001,
       1.94285717e+001, 1.47142868e+001, 4.60000038e+001,
       3.31428604e+001, 1.52857151e+001, 9., 2.28571434e+001,
       3.38571434e+001, 7.64285736e+001, 3.25714302e+001,
       2.20000019e+001, 3.45714302e+001, 6.31428604e+001,
       4.08571434e+001, 5.24285736e+001, 3.00000019e+001,
       3.10000019e+001, 4.57142868e+001, 65., 1.95714302e+001,
       2.14285717e+001, 6.72857208e+001, 4.98571434e+001,
       2.85714302e+001, 3.07142868e+001, 1.44285717e+001,
       3.58571434e+001, 1.08571434e+001, 1.48571434e+001,
       2.41428585e+001, 19., 6., 7., 1.06666670e+001, 7.33333349e+000,
       9.33333397e+000, 2.33333340e+001, 3.53333359e+001,
       1.66666679e+001, 11., 8.66666698e+000, 7., 7.66666698e+000,
       3.03333340e+001, 56., 27., 1.03333340e+001, 1.33333340e+001,
       8.33333397e+000, 5.33333349e+000, 19., 4.86666679e+001,
       2.93333340e+001, 8.33333397e+000, 3.33333349e+000, 4.,
       2.33333349e+000, 1.66666675e+000, 7.33333349e+000, 8., 2.,
       1.33333337e+000, 6.46666718e+001, 39., 3.33333359e+001,
       1.83333340e+001, 1.76666679e+001, 2.46666679e+001,
       3.66666679e+001, 4.56666679e+001, 53., 57., 6.76666718e+001,
       3.33333359e+001, 3.83333359e+001, 5.23333359e+001,
       6.33333359e+001, 46., 29., 41., 4.73333359e+001, 3.56666679e+001,
       8.46666718e+001, 7.26666718e+001, 5.63333359e+001, 40.,
