%YAML:1.0
vocabulary: !!opencv-matrix
   rows: 10
   cols: 128
   dt: f
   data: [ 0., 0., 0., 0., 0., 0., 0., 0., 1.07142866e+000,
       2.85714298e-001, 2.14285731e-001, 7.14285746e-002, 0., 0.,
       6.42857194e-001, 1., 1.07142866e+000, 5.00000000e-001,
       2.85714298e-001, 2.14285731e-001, 4.28571463e-001,
       1.42857146e+000, 2.07142878e+000, 1.57142866e+000, 0., 0.,
       1.42857149e-001, 7.14285731e-001, 1.50000012e+000,
       1.14285719e+000, 8.57142925e-001, 3.57142866e-001, 0., 0., 0., 0.,
       0., 0., 0., 0., 2.73571434e+001, 2.98571434e+001, 7.73571472e+001,
       2.75714302e+001, 1.05000000e+001, 21., 5.89285736e+001,
       4.41428604e+001, 5.31428604e+001, 9.20000076e+001,
       1.03785721e+002, 7.22142868e+001, 4.48571434e+001,
       4.60714302e+001, 7.37142868e+001, 4.80714302e+001,
       1.85714302e+001, 2.90000019e+001, 8.73571472e+001,
       7.88571472e+001, 4.58571434e+001, 4.47857170e+001,
       6.52857208e+001, 3.32857170e+001, 0., 0., 0., 0., 0., 0., 0., 0.,
       4.17857170e+001, 2.73571434e+001, 3.67142868e+001,
       3.88571434e+001, 2.80000019e+001, 2.29285717e+001,
       5.49285736e+001, 5.05714302e+001, 9.45000076e+001,
       9.07142868e+001, 7.34285736e+001, 1.07142860e+002,
       1.07142860e+002, 8.01428604e+001, 9.74285736e+001,
       9.08571472e+001, 76., 7.90714340e+001, 4.72857170e+001,
       5.39285736e+001, 7.40714340e+001, 74., 7.62142868e+001,
       4.02142868e+001, 0., 0., 0., 0., 0., 0., 0., 0., 3.45714302e+001,
       3.97857170e+001, 2.67857151e+001, 2.87857151e+001,
       1.47142868e+001, 8.78571510e+000, 1.40714293e+001,
       1.88571434e+001, 4.32142868e+001, 5.28571434e+001,
       1.04285721e+002, 7.64285736e+001, 5.01428604e+001,
       5.02142868e+001, 1.01000008e+002, 5.33571434e+001,
       3.34285736e+001, 5.20000038e+001, 5.35714302e+001,
       4.27857170e+001, 4.77142868e+001, 3.96428604e+001,
       4.42857170e+001, 1.97142868e+001, 5.00000000e-001,
       6.66666687e-001, 4.58333343e-001, 0., 0., 0., 1.25000000e-001,
       2.91666687e-001, 2.08333343e-001, 5.00000000e-001,
       2.33333349e+000, 8.33333373e-001, 1.66666672e-001,
       2.91666687e-001, 6.66666687e-001, 4.58333343e-001,
       4.16666679e-002, 6.25000000e-001, 2.08333349e+000,
       6.25000000e-001, 2.91666687e-001, 1.66666672e-001,
       1.25000000e-001, 0., 0., 0., 0., 0., 0., 0., 0., 0.,
       4.43333359e+001, 6.32083359e+001, 7.33333359e+001,
       2.17916679e+001, 1.70416679e+001, 2.70416679e+001,
       6.72083359e+001, 4.33750000e+001, 6.04583359e+001,
       8.32500000e+001, 1.09083336e+002, 7.97500000e+001,
       5.67916679e+001, 5.59583359e+001, 9.54583359e+001,
       5.55416679e+001, 1.67083340e+001, 4.67083359e+001,
       8.63333359e+001, 2.77500000e+001, 1.94166679e+001,
       4.31666679e+001, 8.19166718e+001, 3.07916679e+001, 0., 0., 0., 0.,
       0., 4.16666679e-002, 0., 0., 9.26666718e+001, 4.54166679e+001,
       3.71666679e+001, 6.73333359e+001, 6.52916718e+001,
       3.16250000e+001, 5.05416679e+001, 7.32083359e+001,
       1.09500000e+002, 1.09500000e+002, 8.90833359e+001,
       8.69166718e+001, 98., 9.50416718e+001, 1.02833336e+002,
       9.52500000e+001, 3.63333359e+001, 5.41666679e+001,
       3.79583359e+001, 2.47083340e+001, 3.40416679e+001,
       5.00833359e+001, 5.87500000e+001, 3.52916679e+001, 0., 0., 0., 0.,
       0., 0., 0., 0., 4.21666679e+001, 3.20833359e+001, 2.72916679e+001,
       3.30833359e+001, 2.19166679e+001, 2.03333340e+001,
       2.43333340e+001, 2.63750000e+001, 4.71250000e+001,
       7.61666718e+001, 9.06250000e+001, 3.38333359e+001,
       2.50416679e+001, 4.44166679e+001, 9.87083359e+001,
       6.18750000e+001, 2.12083340e+001, 29., 2.27083340e+001,
       2.27916679e+001, 2.38750000e+001, 1.58750000e+001,
       1.74583340e+001, 1.41666670e+001, 0., 0., 0., 0., 4.16666679e-002,
       0., 0., 0., 0., 1.25000000e-001, 3.75000000e-001, 0., 0., 0., 0.,
       0., 1.25000000e-001, 1., 1.37500000e+000, 1.25000000e-001, 0., 0.,
       1.25000000e-001, 0., 6.25000000e-001, 2.87500000e+000,
       2.37500000e+000, 0., 0., 0., 0., 2.50000000e-001, 0., 0., 0., 0.,
       0., 0., 0., 0., 6.37500000e+000, 6., 1.16250000e+001,
       4.87500000e+000, 1.62500000e+000, 3.37500000e+000,
       9.37500000e+000, 5.25000000e+000, 6.68750000e+001,
       4.02500000e+001, 3.75000000e+001, 1.43750000e+001,
       3.28750000e+001, 4.22500000e+001, 3.58750000e+001,
       5.12500000e+001, 8.66250000e+001, 1.11250000e+002,
       5.03750000e+001, 8.75000000e+000, 9.87500000e+000,
       2.45000000e+001, 60., 7.63750000e+001, 0., 1.25000000e-001, 0.,
       0., 0., 0., 0., 0., 2.06250000e+001, 7.62500000e+000, 6.,
       6.37500000e+000, 5.37500000e+000, 5., 7., 9.50000000e+000,
       1.30500000e+002, 1.29500000e+002, 9.33750000e+001,
       4.47500000e+001, 128., 1.30500000e+002, 6.32500000e+001,
       9.97500000e+001, 1.26500000e+002, 1.24125000e+002,
       5.83750000e+001, 2.45000000e+001, 5.03750000e+001,
       7.62500000e+001, 47., 8.53750000e+001, 1.25000000e-001, 0., 0.,
       0., 0., 0., 0., 0., 4., 4., 3.87500000e+000, 3.25000000e+000,
       2.75000000e+000, 3.25000000e+000, 3.62500000e+000,
       3.37500000e+000, 7.02500000e+001, 9.03750000e+001, 69.,
       2.17500000e+001, 3.33750000e+001, 6.01250000e+001,
       5.95000000e+001, 5.63750000e+001, 9.93750000e+001,
       4.88750000e+001, 2.17500000e+001, 8.50000000e+000, 23., 39.,
       2.38750000e+001, 54., 2.50000000e-001, 0., 0., 0., 0., 0., 0., 0.,
       0., 0., 0., 0., 0., 0., 0., 0., 0., 0., 0., 0., 0., 0., 0., 0.,
       0., 0., 0., 0., 0., 0., 0., 0., 1.25000000e-001, 6.25000000e-001,
       5.00000000e-001, 0., 0., 0., 0., 1.25000000e-001, 0., 0., 0., 0.,
       0., 0., 0., 0., 1.75000000e+000, 4.62500000e+000, 1.16250000e+001,
       5.37500000e+000, 1.75000000e+000, 3.62500000e+000, 10.,
       3.62500000e+000, 6.15000000e+001, 3.05000000e+001,
       3.45000000e+001, 1.33750000e+001, 2.78750000e+001,
       3.83750000e+001, 2.95000000e+001, 4.12500000e+001,
       8.82500000e+001, 1.08250000e+002, 53., 10., 1.55000000e+001,
       2.98750000e+001, 5.66250000e+001, 7.47500000e+001, 0., 0., 0., 0.,
       0., 0., 0., 0., 4.75000000e+000, 3.75000000e+000, 5.62500000e+000,
       7., 5.50000000e+000, 5.50000000e+000, 7.62500000e+000,
       5.62500000e+000, 1.30625000e+002, 129., 9.58750000e+001,
       4.47500000e+001, 1.23500000e+002, 1.30625000e+002,
       6.35000000e+001, 1.01500000e+002, 1.27625000e+002,
       1.29875000e+002, 7.31250000e+001, 3.05000000e+001,
       7.96250000e+001, 1.12125000e+002, 5.86250000e+001,
       9.77500000e+001, 0., 0., 0., 0., 0., 0., 0., 0., 1.50000000e+000,
       1.50000000e+000, 2.62500000e+000, 2.87500000e+000,
       2.87500000e+000, 3.25000000e+000, 2.75000000e+000,
       1.50000000e+000, 5.35000000e+001, 7.18750000e+001,
       5.41250000e+001, 1.71250000e+001, 22., 4.31250000e+001,
       4.88750000e+001, 4.72500000e+001, 9.72500000e+001,
       5.73750000e+001, 31., 1.13750000e+001, 2.48750000e+001,
       4.62500000e+001, 3.45000000e+001, 5.88750000e+001, 0., 0., 0., 0.,
       0., 0., 0., 0., 1.81818187e+000, 1.18181825e+000, 6.36363626e-001,
       0., 0., 0., 9.09090936e-002, 8.18181872e-001, 1.90909100e+000,
       2.18181825e+000, 2.27272725e+000, 7.27272749e-001,
       3.63636374e-001, 6.36363626e-001, 1.45454550e+000, 2.,
       3.63636374e-001, 1.18181825e+000, 6.63636398e+000,
       1.81818187e+000, 8.18181872e-001, 1., 1.63636374e+000,
       9.09090936e-001, 0., 0., 0., 0., 0., 0., 0., 0., 3.89090919e+001,
       3.93636360e+001, 5.17272758e+001, 1.26363640e+001,
       8.27272797e+000, 1.85454559e+001, 4.74545479e+001,
       4.29090919e+001, 8.70909119e+001, 107., 9.45454559e+001, 49.,
       4.82727280e+001, 4.96363640e+001, 6.68181839e+001,
       4.87272758e+001, 3.24545479e+001, 5.39090919e+001,
       1.10181824e+002, 5.19090919e+001, 3.43636360e+001, 48.,
