%YAML:1.0
vocabulary: !!opencv-matrix
   rows: 3
   cols: 128
   dt: f
   data: [ 2.76666679e+001, 1.05000000e+001, 9.50000000e+000,
       1.16666670e+001, 1.45000000e+001, 13., 30., 3.93333359e+001, 16.,
       1.58333340e+001, 18., 1.36666670e+001, 18., 41., 62.,
       3.03333340e+001, 1.91666679e+001, 2.25000000e+001,
       1.68333340e+001, 1.38333340e+001, 39., 45., 2.96666679e+001,
       1.08333340e+001, 7.16666698e+000, 6.83333349e+000,
       5.50000000e+000, 7.50000000e+000, 1.21666670e+001,
       9.16666698e+000, 7., 3.83333349e+000, 5.83333359e+001,
       3.36666679e+001, 62., 3.71666679e+001, 2.28333340e+001,
       2.63333340e+001, 4.76666679e+001, 5.28333359e+001, 32.,
       4.01666679e+001, 9.55000000e+001, 6.46666718e+001, 42., 46.,
       7.56666718e+001, 4.56666679e+001, 44., 4.55000000e+001, 72.,
       3.81666679e+001, 7.18333359e+001, 6.21666679e+001,
       5.76666679e+001, 3.13333340e+001, 2.16666679e+001,
       1.13333340e+001, 1.08333340e+001, 1.73333340e+001,
       4.03333359e+001, 2.11666679e+001, 1.85000000e+001,
       1.65000000e+001, 64., 33., 4.25000000e+001, 47., 3.16666679e+001,
       3.56666679e+001, 5.81666679e+001, 5.26666679e+001, 52.,
       5.76666679e+001, 7.96666718e+001, 65., 6.08333359e+001,
       6.48333359e+001, 8.73333359e+001, 5.78333359e+001, 49.,
       4.05000000e+001, 3.88333359e+001, 4.68333359e+001,
       7.13333359e+001, 5.03333359e+001, 6.03333359e+001,
       4.36666679e+001, 3.28333359e+001, 1.35000000e+001,
       1.43333340e+001, 2.48333340e+001, 4.66666679e+001,
       2.66666679e+001, 2.31666679e+001, 2.33333340e+001,
       5.23333359e+001, 4.01666679e+001, 3.93333359e+001,
       3.03333340e+001, 4.03333359e+001, 3.56666679e+001,
       3.66666679e+001, 32., 3.15000000e+001, 42., 8.01666718e+001,
       6.98333359e+001, 3.95000000e+001, 3.76666679e+001,
       7.46666718e+001, 5.03333359e+001, 37., 1.96666679e+001,
       2.45000000e+001, 5.98333359e+001, 50., 1.51666670e+001,
       2.26666679e+001, 52., 1.91666679e+001, 1.56666670e+001,
       2.35000000e+001, 2.46666679e+001, 32., 1.15000000e+001,
       2.33333340e+001, 1.75000000e+001, 2.54285717e+001,
       1.08571434e+001, 10., 1.94761906e+001, 2.69523811e+001,
       1.02857141e+001, 1.18571434e+001, 1.64285717e+001,
       4.13333359e+001, 21., 2.25714283e+001, 3.50952377e+001,
       2.66190472e+001, 1.89047623e+001, 3.43333359e+001,
       5.52857170e+001, 1.86666679e+001, 2.38095245e+001, 23.,
       1.42857141e+001, 1.76666679e+001, 4.13809547e+001,
       6.04761925e+001, 2.95238094e+001, 1.79047623e+001,
       2.84761906e+001, 1.45714293e+001, 1.12380953e+001,
       3.09047623e+001, 4.54761925e+001, 2.89047623e+001,
       1.10952387e+001, 4.90952377e+001, 2.17619057e+001,
       1.52380953e+001, 2.12857151e+001, 4.97619057e+001,
       3.00952377e+001, 2.05238094e+001, 2.17619057e+001,
       7.80952377e+001, 3.87619057e+001, 6.83809509e+001,
       5.38095245e+001, 4.51904755e+001, 3.64761925e+001,
       5.76666679e+001, 62., 4.02380943e+001, 5.02857170e+001,
       8.85714340e+001, 4.56190491e+001, 3.71428566e+001,
       4.40952377e+001, 6.58095245e+001, 4.63333359e+001,
       2.66666679e+001, 39., 6.30952377e+001, 3.58095245e+001,
       6.06666679e+001, 5.09047623e+001, 4.73333359e+001,
       2.38571434e+001, 51., 2.88571434e+001, 1.87619057e+001,
       2.04285717e+001, 4.18571434e+001, 3.58095245e+001,
       2.34761906e+001, 2.13809528e+001, 6.77142868e+001,
       4.82380943e+001, 4.86190491e+001, 5.14761925e+001,
       4.68571434e+001, 5.23809547e+001, 6.52857132e+001,
       5.28571434e+001, 5.26190491e+001, 5.87619057e+001,
       8.00476227e+001, 6.43333359e+001, 5.61428566e+001,
       5.89047623e+001, 8.07142868e+001, 6.41428604e+001, 36.,
       4.56190491e+001, 4.48095245e+001, 3.98571434e+001, 59.,
       5.12380943e+001, 5.43809547e+001, 3.65238113e+001,
       2.85714283e+001, 2.00952377e+001, 2.29523811e+001,
       1.50476189e+001, 2.19523811e+001, 1.64285717e+001,
       1.61428566e+001, 1.30952387e+001, 5.09047623e+001,
       4.18571434e+001, 3.44761925e+001, 3.00476189e+001,
       4.61428566e+001, 3.74285736e+001, 2.64285717e+001,
       2.91904774e+001, 2.72380962e+001, 4.27619057e+001,
       8.29523849e+001, 52., 3.13809528e+001, 4.38095245e+001,
       7.95714264e+001, 4.35238113e+001, 3.11428585e+001,
       2.50476189e+001, 3.09047623e+001, 4.16666679e+001,
       3.81904755e+001, 1.99047623e+001, 2.62380962e+001,
       3.67142868e+001, 2.70000019e+001, 1.80666676e+001,
       2.08666687e+001, 2.98666687e+001, 2.26000004e+001,
       2.44666672e+001, 3.46000023e+001, 3.74666672e+001,
       2.15333347e+001, 3.03333340e+001, 3.18666687e+001,
       1.80666676e+001, 2.22000008e+001, 4.89333344e+001,
       6.07333374e+001, 2.63333340e+001, 4.40000038e+001,
       6.38000031e+001, 2.78000011e+001, 1.96666679e+001,
       5.10000038e+001, 5.97333374e+001, 3.30666695e+001,
       1.71333351e+001, 3.03333340e+001, 2.35333347e+001,
       9.53333378e+000, 1.00000010e+001, 2.55333347e+001,
       1.57333345e+001, 8.86666679e+000, 7.40000057e+000,
       5.17333374e+001, 3.22666702e+001, 6.52666702e+001,
       4.23333359e+001, 3.91333351e+001, 2.93333340e+001,
       4.71333351e+001, 4.28666687e+001, 3.16666679e+001,
       4.16000023e+001, 8.46000061e+001, 5.00000038e+001,
       4.58666687e+001, 4.61333351e+001, 5.98666687e+001,
       3.61333351e+001, 6.23333359e+001, 6.05333366e+001,
       6.49333344e+001, 3.80666695e+001, 8.31333389e+001,
       5.95333366e+001, 5.19333344e+001, 3.65333366e+001,
       5.76666679e+001, 2.76000023e+001, 1.86666679e+001,
       1.46666670e+001, 4.70666695e+001, 2.50000019e+001,
       1.51333342e+001, 1.98666668e+001, 4.36666679e+001,
       3.28000031e+001, 4.73333359e+001, 4.92666702e+001,
       3.98000031e+001, 4.18000031e+001, 5.74666710e+001,
       4.74666710e+001, 4.58666687e+001, 5.61333351e+001,
       7.70000076e+001, 5.76000023e+001, 6.42000046e+001,
       6.33333359e+001, 7.31333389e+001, 5.40666695e+001,
       6.42000046e+001, 5.16000023e+001, 4.47333374e+001,
       4.64666710e+001, 7.34666672e+001, 4.99333344e+001,
       5.80000038e+001, 5.77333374e+001, 4.81333351e+001,
       1.39333344e+001, 1.37333336e+001, 2.37333355e+001,
       4.34000015e+001, 1.95333347e+001, 1.42666674e+001,
       2.80666676e+001, 3.29333344e+001, 3.29333344e+001,
       4.08000031e+001, 3.02666683e+001, 3.44000015e+001, 36.,
       2.76000023e+001, 2.28000011e+001, 2.50666676e+001,
       3.82666702e+001, 8.16666718e+001, 5.11333351e+001,
       3.30666695e+001, 4.16000023e+001, 7.42000046e+001,
       4.45333366e+001, 5.06666679e+001, 3.62000008e+001,
       2.72000008e+001, 4.63333359e+001, 4.93333359e+001,
       2.00000019e+001, 1.95333347e+001, 4.36000023e+001,
       1.95333347e+001, 1.26000004e+001, 1.17333336e+001,
       1.33333340e+001, 1.73333340e+001, 1.00000010e+001,
       1.00666676e+001, 1.20000010e+001 ]
