%YAML:1.0
vocabulary: !!opencv-matrix
   rows: 5
   cols: 128
   dt: f
   data: [ 2.54285717e+001, 1.40000010e+001, 2.09285717e+001,
       1.60714302e+001, 1.13571434e+001, 1.41428576e+001,
       4.10714302e+001, 4.61428604e+001, 1.54285717e+001,
       2.21428585e+001, 2.57142868e+001, 1.47857151e+001,
       1.98571434e+001, 4.92142868e+001, 69., 2.56428585e+001,
       1.89285717e+001, 2.76428585e+001, 2.40714302e+001,
       1.40714293e+001, 4.42857170e+001, 5.81428604e+001,
       2.82857151e+001, 1.12142859e+001, 9.50000000e+000,
       1.04285717e+001, 9.42857170e+000, 3.57142878e+000,
       7.92857170e+000, 6.64285755e+000, 5.64285755e+000,
       4.71428585e+000, 5.26428604e+001, 3.48571434e+001,
       7.45000000e+001, 3.67857170e+001, 1.76428585e+001,
       2.60714302e+001, 5.37857170e+001, 5.37857170e+001,
       3.62142868e+001, 4.84285736e+001, 9.53571472e+001,
       5.48571472e+001, 4.86428604e+001, 5.15714302e+001,
       7.03571472e+001, 4.05714302e+001, 3.82857170e+001,
       4.82857170e+001, 6.34285736e+001, 3.66428604e+001,
       9.42857208e+001, 7.17857208e+001, 4.85000038e+001,
       3.08571434e+001, 1.83571434e+001, 1.07142859e+001,
       1.15000010e+001, 7.42857170e+000, 1.95000000e+001,
       1.54285717e+001, 1.24285717e+001, 1.49285717e+001,
       5.32857170e+001, 4.22142868e+001, 5.20000038e+001,
       4.75714302e+001, 3.05714302e+001, 3.90714302e+001,
       6.32857170e+001, 4.90000038e+001, 5.85714302e+001,
       6.79285736e+001, 8.49285736e+001, 6.08571472e+001,
       6.56428604e+001, 6.73571472e+001, 8.35714340e+001,
       5.90714302e+001, 4.59285736e+001, 4.62142868e+001,
       4.43571434e+001, 5.52857170e+001, 9.47142868e+001,
       5.47857170e+001, 5.20714302e+001, 4.38571434e+001,
       1.92857151e+001, 1.55714293e+001, 1.92142868e+001,
       1.55714293e+001, 2.82857151e+001, 1.57142868e+001,
       1.58571434e+001, 2.01428585e+001, 4.72142868e+001,
       4.45000038e+001, 3.73571434e+001, 3.10000019e+001,
       2.87857151e+001, 3.28571434e+001, 2.85714302e+001,
       2.28571434e+001, 2.90714302e+001, 4.99285736e+001,
       8.82857208e+001, 5.30714302e+001, 3.52857170e+001,
       4.44285736e+001, 80., 4.28571434e+001, 3.67142868e+001,
       2.77142868e+001, 2.22142868e+001, 5.39285736e+001,
       7.55714340e+001, 2.37857151e+001, 1.71428585e+001,
       2.67142868e+001, 1.47857151e+001, 1.21428576e+001,
       1.15714293e+001, 10., 1.10000010e+001, 8., 1.06428576e+001,
       1.32142859e+001, 2.07999992e+001, 8.30000019e+000,
       1.10799999e+001, 1.98199997e+001, 2.39399986e+001,
       6.55999994e+000, 1.25000000e+001, 1.51399994e+001,
       3.60200005e+001, 1.26199999e+001, 1.85599995e+001,
       3.24799995e+001, 2.56999989e+001, 1.09200001e+001,
       2.88199997e+001, 4.74599991e+001, 1.50799999e+001,
       1.77199993e+001, 2.62600002e+001, 1.66599998e+001,
       1.24600000e+001, 3.02799988e+001, 6.05599976e+001,
       2.82799988e+001, 1.53199997e+001, 2.66800003e+001,
       1.70200005e+001, 1.04600000e+001, 2.50799999e+001,
       3.54599991e+001, 2.64799995e+001, 8.63999939e+000,
       4.20599976e+001, 1.77799988e+001, 1.51199999e+001,
       2.24399986e+001, 4.34199982e+001, 2.20399990e+001,
       1.58399992e+001, 1.99799995e+001, 8.31599960e+001,
       3.77399979e+001, 5.71599998e+001, 4.42000008e+001,
       4.79399986e+001, 3.28800011e+001, 4.48199997e+001,
       5.85999985e+001, 4.20400009e+001, 4.92599983e+001,
       9.07399979e+001, 4.40200005e+001, 3.62000008e+001,
       4.37399979e+001, 6.70800018e+001, 4.55599976e+001,
       3.40999985e+001, 3.86800003e+001, 5.97799988e+001,
       3.26199989e+001, 6.58600006e+001, 5.29799995e+001,
       4.54599991e+001, 2.46399994e+001, 4.35200005e+001,
       2.49200001e+001, 1.89799995e+001, 1.97999992e+001,
       4.26399994e+001, 3.19599991e+001, 2.33999996e+001,
       2.08199997e+001, 7.71800003e+001, 5.10599976e+001,
       4.40400009e+001, 4.22799988e+001, 5.36599998e+001,
       4.86199989e+001, 5.42799988e+001, 4.61800003e+001,
       5.73199997e+001, 5.93599968e+001, 8.61399994e+001,
       6.29199982e+001, 5.71800003e+001, 5.91199989e+001,
       8.05999985e+001, 6.41399994e+001, 4.36599998e+001,
       4.08199997e+001, 4.09799995e+001, 4.19599991e+001,
       6.35599976e+001, 4.41199989e+001, 4.75399971e+001,
       3.85000000e+001, 2.91399994e+001, 2.06800003e+001,
       2.10399990e+001, 2.25399990e+001, 2.77600002e+001,
       1.89200001e+001, 1.35799999e+001, 1.38199997e+001,
       5.82599983e+001, 4.47199974e+001, 3.02399998e+001,
       2.98599987e+001, 4.37599983e+001, 3.74399986e+001,
       2.10599995e+001, 2.11800003e+001, 32., 4.45399971e+001,
       8.23399963e+001, 4.71599998e+001, 3.28199997e+001,
       4.30599976e+001, 7.40999985e+001, 4.32399979e+001,
       3.47399979e+001, 2.24399986e+001, 2.76399994e+001,
       4.27799988e+001, 4.78199997e+001, 1.79400005e+001,
       2.11999989e+001, 3.96199989e+001, 2.48275852e+001,
       9.37931061e+000, 1.55517244e+001, 3.24482765e+001,
       2.32413788e+001, 1.00344830e+001, 2.67931042e+001,
       3.50689659e+001, 1.27931032e+001, 2.13793106e+001,
       3.29655190e+001, 2.03793106e+001, 1.47241383e+001,
       3.37241364e+001, 6.17931023e+001, 2.41034489e+001,
       3.67586212e+001, 5.41379318e+001, 2.42413788e+001,
       1.38965521e+001, 4.07586212e+001, 4.40689659e+001,
       2.88275852e+001, 1.18620691e+001, 3.05862064e+001,
       2.14482765e+001, 1.24827585e+001, 8.86206913e+000,
       1.83448277e+001, 1.07241383e+001, 1.25517244e+001,
       1.03448277e+001, 6.12758636e+001, 3.07241383e+001, 53.,
       3.95862083e+001, 4.43103447e+001, 2.57241383e+001,
       3.87586212e+001, 4.35172424e+001, 3.26206894e+001,
       4.29655190e+001, 9.03103409e+001, 4.48965530e+001,
       3.93103447e+001, 4.56896553e+001, 6.67586212e+001,
       3.82413788e+001, 6.78620682e+001, 5.19310341e+001,
       5.86896553e+001, 3.57931023e+001, 8.42413788e+001,
       6.09655151e+001, 5.03103447e+001, 3.45517235e+001,
       6.53793106e+001, 2.32758617e+001, 2.18620682e+001,
       1.71724129e+001, 3.79310341e+001, 2.13793106e+001,
       2.32758617e+001, 2.60344830e+001, 5.28620682e+001,
       3.30344810e+001, 3.93793106e+001, 3.81379318e+001,
       4.70689659e+001, 3.70689659e+001, 4.61379318e+001,
       3.88275871e+001, 4.70344810e+001, 5.58620682e+001,
       8.47586212e+001, 5.50344810e+001, 5.57586212e+001,
       5.89310341e+001, 76., 5.48275871e+001, 6.78275833e+001,
       4.61034470e+001, 40., 4.55517235e+001, 74., 44., 4.93103447e+001,
       5.30689659e+001, 5.96206894e+001, 2.31034489e+001,
       2.21724129e+001, 2.08965511e+001, 4.43103447e+001,
       1.73103447e+001, 2.16206894e+001, 3.37241364e+001,
       4.17931023e+001, 3.19310341e+001, 3.04482765e+001,
       2.66896553e+001, 3.78275871e+001, 3.46551704e+001,
       2.24827595e+001, 1.81034489e+001, 2.83448277e+001,
       3.65172424e+001, 8.19655151e+001, 4.48965530e+001,
       3.21034470e+001, 3.98275871e+001, 7.35517273e+001,
       4.51724129e+001, 5.62068977e+001, 2.82413788e+001,
       2.78620682e+001, 4.39310341e+001, 5.76551704e+001,
       1.85862064e+001, 2.11379318e+001, 5.67586212e+001,
       3.33793106e+001, 24., 2.26206894e+001, 1.39655170e+001,
       2.96206894e+001, 1.14137926e+001, 1.50689659e+001,
       1.53448277e+001, 19., 6.71428585e+000, 5., 7.28571463e+000,
       6.85714340e+000, 5.28571463e+000, 1.42857151e+001,
       2.57142868e+001, 1.38571434e+001, 1.01428576e+001,
       1.01428576e+001, 9.71428585e+000, 7.85714340e+000, 19.,
       4.22857170e+001, 2.58571434e+001, 8.85714340e+000,
       1.04285717e+001, 8.85714340e+000, 9.42857170e+000,
       1.67142868e+001, 2.97142868e+001, 2.01428585e+001,
       8.14285755e+000, 3.85714293e+000, 4.14285755e+000,
       4.28571463e+000, 2.71428585e+000, 6.57142878e+000,
       7.42857170e+000, 2., 1.57142866e+000, 6.94285736e+001,
       3.97142868e+001, 4.50000038e+001, 1.92857151e+001,
