%YAML:1.0
vocabulary: !!opencv-matrix
   rows: 40
   cols: 128
   dt: f
   data: [ 29., 6., 17., 20., 9., 6.50000000e+000, 35., 5.15000000e+001,
       4.50000000e+000, 21., 20., 6.50000000e+000, 19., 4.95000000e+001,
       64., 1.45000000e+001, 104., 1.14500000e+002, 1.35000000e+001, 5.,
       7.25000000e+001, 80., 1.65000000e+001, 7.50000000e+000,
       3.85000000e+001, 20., 4., 2.50000000e+000, 3.50000000e+000,
       4.50000000e+000, 20., 5.50000000e+000, 6.35000000e+001, 30.,
       5.55000000e+001, 3.65000000e+001, 1.35000000e+001, 19.,
       3.25000000e+001, 39., 3.55000000e+001, 4.05000000e+001, 79., 61.,
       6.05000000e+001, 37., 4.35000000e+001, 31., 1.14500000e+002, 52.,
       5.45000000e+001, 38., 1.14500000e+002, 54., 38., 4.45000000e+001,
       84., 11., 6.50000000e+000, 7., 14., 3., 2., 1.25000000e+001, 43.,
       29., 31., 33., 26., 29., 4.65000000e+001, 4.15000000e+001, 51.,
       47., 57., 61., 80., 5.95000000e+001, 5.65000000e+001,
       4.95000000e+001, 1.14500000e+002, 30., 32., 4.55000000e+001, 65.,
       37., 44., 77., 4.65000000e+001, 3., 4., 6.50000000e+000, 8., 2.,
       2., 1.65000000e+001, 2.55000000e+001, 45., 30., 18., 20., 25.,
       17., 11., 2.25000000e+001, 2.85000000e+001, 8.25000000e+001,
       5.65000000e+001, 32., 3.75000000e+001, 7.65000000e+001,
       3.15000000e+001, 102., 9., 16., 2.95000000e+001, 29., 7.,
       1.25000000e+001, 85., 8., 5.00000000e-001, 3., 5.,
       5.50000000e+000, 1.50000000e+000, 1., 4.50000000e+000,
       2.17142868e+001, 3.14285731e+000, 1.28571439e+000,
       5.42857170e+000, 1.18571434e+001, 3.00000024e+000,
       1.85714293e+000, 4.57142878e+000, 2.85714302e+001,
       8.57142925e+000, 9.14285755e+000, 2.28571434e+001,
       2.07142868e+001, 7.28571463e+000, 1.05714293e+001,
       2.21428585e+001, 1.54285717e+001, 8., 1.55714293e+001,
       1.02857151e+001, 6.28571463e+000, 1.47142868e+001,
       3.81428604e+001, 2.61428585e+001, 5.14285755e+000,
       5.28571463e+000, 7.42857170e+000, 1.12857151e+001,
       1.47142868e+001, 1.74285717e+001, 1.50000010e+001,
       6.71428585e+000, 3.64285736e+001, 1.08571434e+001,
       6.28571463e+000, 1.24285717e+001, 4.24285736e+001,
       1.58571434e+001, 4.28571463e+000, 7.85714340e+000,
       8.47142868e+001, 4.15714302e+001, 6.07142868e+001,
       3.55714302e+001, 6.51428604e+001, 39., 4.05714302e+001,
       5.41428604e+001, 5.91428604e+001, 6.24285736e+001,
       9.52857208e+001, 4.21428604e+001, 3.67142868e+001,
       4.62857170e+001, 6.15714302e+001, 4.92857170e+001,
       2.67142868e+001, 3.58571434e+001, 7.77142868e+001,
       3.74285736e+001, 5.52857170e+001, 5.37142868e+001,
       5.12857170e+001, 2.94285736e+001, 2.80000019e+001,
       1.45714293e+001, 1.22857151e+001, 1.07142859e+001,
       2.34285717e+001, 1.50000010e+001, 6.85714340e+000,
       7.71428585e+000, 7.94285736e+001, 5.40000038e+001,
       4.55714302e+001, 3.74285736e+001, 6.24285736e+001,
       5.54285736e+001, 5.18571434e+001, 4.91428604e+001,
       7.54285736e+001, 77., 9.41428604e+001, 6.65714340e+001,
       6.35714302e+001, 6.77142868e+001, 9.10000076e+001, 69.,
       3.98571434e+001, 4.51428604e+001, 5.42857170e+001,
       4.74285736e+001, 5.72857170e+001, 5.05714302e+001,
       6.30000038e+001, 4.22857170e+001, 1.58571434e+001,
       1.81428585e+001, 16., 1.04285717e+001, 8.28571510e+000,
       7.71428585e+000, 6.71428585e+000, 6.71428585e+000,
       5.71428604e+001, 3.97142868e+001, 3.54285736e+001,
       2.98571434e+001, 4.54285736e+001, 4.02857170e+001, 21., 19.,
       4.35714302e+001, 64., 9.54285736e+001, 5.32857170e+001, 36.,
       5.20000038e+001, 9.18571472e+001, 5.28571434e+001, 38.,
       2.87142868e+001, 3.51428604e+001, 5.50000038e+001,
       6.01428604e+001, 1.94285717e+001, 2.60000019e+001,
       5.77142868e+001, 22., 5.33333349e+000, 1.16666670e+001, 17., 6.,
       4., 28., 65., 1.06666670e+001, 19., 2.33333340e+001,
       1.16666670e+001, 6.66666698e+000, 3.33333359e+001,
       8.96666718e+001, 3.76666679e+001, 1.06666670e+001, 31.,
       1.23333340e+001, 6.66666698e+000, 3.83333359e+001,
       8.73333359e+001, 4.36666679e+001, 7., 2.33333349e+000,
       3.66666675e+000, 2., 2.66666675e+000, 1.03333340e+001,
       1.16666670e+001, 1.66666675e+000, 1., 7.03333359e+001,
       2.93333340e+001, 4.03333359e+001, 3.76666679e+001,
       1.83333340e+001, 16., 35., 6.03333359e+001, 3.83333359e+001, 52.,
       79., 4.23333359e+001, 37., 41., 5.93333359e+001, 37.,
       4.86666679e+001, 7.56666718e+001, 55., 2.93333340e+001,
       9.36666718e+001, 93., 4.83333359e+001, 2.63333340e+001,
       1.53333340e+001, 9.66666698e+000, 5., 1.13333340e+001,
       4.93333359e+001, 3.53333359e+001, 2.33333340e+001, 19., 76.,
       3.76666679e+001, 2.76666679e+001, 46., 3.16666679e+001,
       2.83333340e+001, 40., 4.73333359e+001, 5.53333359e+001,
       5.96666679e+001, 76., 7.36666718e+001, 52., 5.33333359e+001,
       7.76666718e+001, 54., 81., 6.43333359e+001, 4.66666679e+001,
       6.46666718e+001, 9.46666718e+001, 61., 5.43333359e+001, 60., 42.,
       3.63333359e+001, 3.43333359e+001, 3.63333359e+001, 77.,
       3.53333359e+001, 40., 4.13333359e+001, 5.83333359e+001,
       3.96666679e+001, 2.33333340e+001, 29., 2.53333340e+001,
       1.73333340e+001, 20., 1.76666679e+001, 33., 35., 6.56666718e+001,
       4.93333359e+001, 2.76666679e+001, 3.23333359e+001,
       5.16666679e+001, 3.26666679e+001, 4.93333359e+001,
       2.46666679e+001, 2.66666679e+001, 6.06666679e+001,
       6.43333359e+001, 23., 1.53333340e+001, 50., 1.63333340e+001,
       2.13333340e+001, 2.23333340e+001, 33., 4.06666679e+001, 15.,
       9.33333397e+000, 1.06666670e+001, 2.43333340e+001,
       1.16666670e+001, 1.21666670e+001, 1.16666670e+001,
       1.71666679e+001, 6.16666698e+000, 9.83333397e+000,
       1.28333340e+001, 3.81666679e+001, 15., 1.93333340e+001, 26.,
       2.81666679e+001, 1.25000000e+001, 2.55000000e+001, 42.,
       1.65000000e+001, 1.73333340e+001, 2.38333340e+001,
       1.51666670e+001, 1.18333340e+001, 2.85000000e+001,
       6.68333359e+001, 3.36666679e+001, 1.41666670e+001,
       2.46666679e+001, 1.65000000e+001, 1.28333340e+001,
       2.08333340e+001, 2.88333340e+001, 3.63333359e+001,
       1.31666670e+001, 5.93333359e+001, 2.78333340e+001,
       1.25000000e+001, 2.46666679e+001, 5.08333359e+001,
       2.83333340e+001, 1.93333340e+001, 29., 90., 3.48333359e+001,
       5.36666679e+001, 4.16666679e+001, 5.46666679e+001, 32.,
       4.01666679e+001, 5.35000000e+001, 3.83333359e+001,
       4.66666679e+001, 95., 3.63333359e+001, 3.13333340e+001,
       3.86666679e+001, 5.65000000e+001, 3.86666679e+001,
       3.15000000e+001, 4.16666679e+001, 6.33333359e+001,
       2.76666679e+001, 4.76666679e+001, 4.61666679e+001,
       4.45000000e+001, 2.16666679e+001, 6.41666718e+001,
       3.21666679e+001, 2.41666679e+001, 3.15000000e+001, 60.,
       4.16666679e+001, 4.21666679e+001, 3.88333359e+001,
       8.63333359e+001, 47., 3.81666679e+001, 4.35000000e+001,
       6.35000000e+001, 4.85000000e+001, 5.81666679e+001,
       4.71666679e+001, 5.18333359e+001, 5.11666679e+001, 86.,
       5.25000000e+001, 4.91666679e+001, 5.51666679e+001,
       7.61666718e+001, 5.98333359e+001, 4.15000000e+001,
       3.86666679e+001, 4.01666679e+001, 32., 4.46666679e+001,
       4.01666679e+001, 4.85000000e+001, 3.53333359e+001,
       5.68333359e+001, 4.21666679e+001, 3.05000000e+001, 44.,
       5.31666679e+001, 42., 32., 4.03333359e+001, 6.76666718e+001,
       4.66666679e+001, 2.98333340e+001, 37., 7.13333359e+001,
       5.41666679e+001, 30., 3.08333340e+001, 3.05000000e+001,
       4.48333359e+001, 8.76666718e+001, 4.58333359e+001,
       2.81666679e+001, 4.65000000e+001, 7.26666718e+001,
       4.28333359e+001, 3.63333359e+001, 21., 3.53333359e+001,
       3.35000000e+001, 3.25000000e+001, 1.56666670e+001,
       2.16666679e+001, 4.23333359e+001, 25., 7., 27., 101., 59., 5.,
