%YAML:1.0
reducer: !!opencv-matrix
   rows: 128
   cols: 20
   dt: f
   data: [ -3.10207140e-015, 6.73452338e-016, 7.38849945e+001,
       2.12989251e-015, -1.45904684e-008, 8.29507751e-009,
       1.11922596e-008, -2.65707798e+001, -5.81908776e-016,
       -5.92400856e+001, -3.31342863e-013, -8.91492920e+001,
       1.61927790e-013, 1.09292412e+002, 4.52764091e+001,
       -1.06566696e+002, -1.75146088e+002, 1.47097209e-010,
       1.19063805e+002, -8.37819290e+000, 5.30603081e-008,
       -7.38001935e-015, -2.06160492e+002, 2.05230167e-016,
       3.07128997e-013, -1.84613894e-013, 8.37312095e-011,
       2.73324127e+002, 9.95685874e-015, -8.50206985e+001,
       -4.30416724e-009, -1.67494583e+002, -6.85116061e-011,
       -5.95239735e+000, -1.63795090e+002, 1.63252808e+002,
       -4.68780861e+001, -3.33719096e-016, 6.25868988e+001,
       2.06634506e+002, 1.05407671e-009, 4.20290017e-020,
       2.38015957e+001, -1.38458949e-012, 0., 9.55133528e-010,
       -1.37068877e-013, 3.39984529e-012, -4.44670681e-014,
       3.83610153e+001, -1.55032102e-013, 9.36508179e+001,
       -1.12801777e-008, 1.43446054e+001, 5.01761055e+000,
       -3.03250942e+001, -6.31005898e+001, 0., 1.17522308e+002,
       7.63643494e+002, 7.95407282e-011, -1.48511896e-008,
       -9.34503021e+001, 1.76645187e-009, 0., -6.14506845e-008,
       -7.81852521e-018, 6.61402655e-010, -1.80787541e-013,
       5.71758156e+001, -1.07133247e-010, -4.75178099e+000,
       -5.81029461e-011, -6.41190872e+001, 1.38412521e+002,
       2.11730080e+001, -5.41016808e+001, 0., -4.90287895e+001,
       -8.56075211e-011, 3.21686611e-009, -1.35169309e-009,
       -6.30020943e+001, -6.27329788e-009, -2.62082214e+002,
       2.09718963e-015, -1.16776408e-010, 9.24488419e-017,
       -9.31970907e-012, -2.47005825e+001, 6.03943473e-009,
       -8.64308777e+001, 1.88727076e-010, -1.08746958e+001,
       -1.08036880e+001, 1.10962114e+001, 3.00980091e+001,
       -6.31790962e+001, 1.56817093e+002, -1.61599545e-009,
       -1.48675722e-012, 2.90921584e-013, 6.95043091e+002,
       1.78910405e-015, 2.64657318e+002, -1.80024073e-013,
       2.98561743e-018, -2.09421404e-011, 7.05603761e-012,
       1.46243153e+001, 6.75768952e-009, -2.06236496e+002,
       1.64305680e-010, -1.04964989e+002, 9.04686127e+001,
       -1.72198593e+002, -2.19084892e+001, -7.18958616e+000,
       1.66201038e+001, -9.54719549e-015, -7.83954874e-008,
       4.43636967e-012, 3.96142887e-008, 1.35342093e-008,
       1.25769402e+002, 1.53307590e-016, 0., -8.39772270e-008,
       -3.13827542e-009, -2.13554955e+001, 7.91419320e-019,
       6.67852249e+001, 1.79254927e-011, -3.95545921e+001,
       6.57955505e+002, -4.20065918e+001, 1.49342136e+001,
       6.56275024e+001, 1.42326002e+001, 0., -3.46486075e-025,
       9.99538141e-009, 3.65592634e-015, -9.20736291e-020,
       1.13697510e+002, 5.41512669e-014, 0., 6.05311504e-012,
       6.05646980e-015, 2.12718002e+002, 4.24081438e-018,
       5.23250198e+001, 1.31758951e-010, 1.14781225e+000,
       5.73316897e-016, -7.20152817e+001, 1.92249115e+002,
       2.20306072e+001, -1.43723480e+002, 0., 2.51976129e-009,
       -3.58411391e-012, -2.09141000e-013, 6.61343367e-016,
       -2.26049286e+002, -3.33201083e-016, -7.55299568e+000,
       -4.28765246e-009, 1.52735810e-011, -2.37339897e+001,
       8.04999567e-010, 7.94336243e+001, -2.26282602e-008,
       -6.56012878e+001, 3.41861153e-008, -2.80408936e+001,
       -1.08970852e+001, -8.43811874e+001, -6.59988022e+001,
       -6.98255081e+001, 1.49374108e-014, 1.18593013e-009,
       -5.60234170e-009, -2.60884843e-008, -3.35124115e+002,
       -2.78895938e-018, -1.20858490e+002, -4.09586731e-012,
       -3.50883944e-009, 7.03941040e+001, 1.47696963e-016,
       -3.02414799e+001, 6.11300455e-010, -9.15119019e+001,
       -2.81354442e-008, 3.93188133e+001, -6.83347855e+001,
       -3.47059937e+001, 3.75470304e+000, 5.64400768e+000,
       -1.99217354e-008, -1.19704930e-015, -6.95366612e-011,
       -1.19150426e-010, -1.98920956e+001, 1.88834035e-014,
       -2.46639347e+000, 1.21473808e-014, 0., 3.02189514e+002,
       -6.09338032e-017, 1.33733704e+002, 5.17011784e-008,
       2.94148159e+001, 8.88129934e-012, 1.82374222e+002,
       4.25771217e+001, 5.12310066e+001, -2.00792603e+002,
       1.14771095e+002, 6.77429154e-011, 1.50201837e-010,
       1.79981902e-015, -1.74785905e-015, 3.28904205e+002,
       -4.61428153e-011, -5.98132896e+001, -6.55756693e-008, 0.,
       2.30793690e-010, 1.46954736e-019, -1.09877920e+001,
       -3.89897465e-008, 1.33696117e+001, -2.99918257e-010,
       -3.99783859e+001, -5.75186133e-001, -1.93326817e+001,
       -4.63126907e+001, -9.12307968e+001, -1.03828253e-016,
       5.37932592e-018, -2.34993294e-017, -1.41303885e-012,
       1.89603607e+002, -1.02873697e-015, 1.25009911e+002,
       -3.45284253e-011, 1.00447197e+002, -5.47709186e-016,
       1.60015885e-015, -1.39497852e+001, -1.93978344e-009,
       -5.82917824e+001, 1.04934118e-014, -6.07224846e+001,
       8.96106186e+001, 8.38067093e+001, -6.03738937e+001,
       -1.48327591e+002, 2.03498911e-016, 2.75300836e-014,
       2.89424223e-016, -2.27138005e-015, 1.46383301e+002,
       -2.22861885e-009, 8.89401016e+001, -9.64660413e-014,
       -1.55182905e+001, -1.72513193e-009, 4.40814922e-008,
       1.26023308e+002, 1.72821801e-009, -2.10668869e+001,
       6.82026728e-014, -1.07878098e+002, 1.68046722e+002,
       -9.37235870e+001, -1.24881592e+002, -1.07647408e+002,
       3.03025248e-012, -2.25822652e-010, -3.10855786e-011,
       -8.10719884e-018, 1.50018372e+003, -1.52633657e-013,
       1.05221090e+001, 8.86869397e-012, 3.80888023e+001,
       1.36790426e-010, 0., -3.32212830e+001, 2.73226402e-008,
       1.17353302e+002, -2.92208664e-015, -1.13231384e+002,
       1.51149612e+002, -1.49931889e+001, -1.79284698e+002,
       3.89245987e+001, 4.78827115e-014, 1.32807236e-014,
       2.03947328e-011, 2.19064822e-017, -2.68512646e-014,
       -9.26595853e-015, 1.40134163e+001, 1.43670231e-009,
       -3.16130962e+001, -1.29653415e-011, 0., 2.30626183e+001,
       -7.00782543e-009, -1.60231991e+001, -4.96634910e-020,
       -1.64616592e+002, 2.99793732e+002, 1.75142155e+001,
       1.47697998e+002, 1.29010910e+002, 1.02192266e-009,
       -7.48776546e-018, -1.60014413e-015, 6.54107168e-008,
       -1.29412370e-009, -6.96665033e-015, 4.19228058e+001,
       -4.38930157e-019, -7.98098907e+001, -2.56178870e-018,
       4.72934990e+001, 1.47473511e+002, -2.03989787e-017,
       -2.68251915e+001, 2.12783660e-017, 5.61720200e+001,
       5.20875698e-009, -7.53398819e+001, -1.62466187e+002,
       6.03252983e+001, 1.00526870e-011, -3.15130819e-008,
       5.47217274e-013, 1.95488018e-011, 1.52390142e-010,
       5.18193060e-022, -4.57174873e+001, 1.90248229e-012,
       1.97040298e+002, 2.66781878e-015, -1.00391991e+002,
       -6.18484616e-001, 9.30755117e-009, 5.78129005e+001,
       -9.80618642e-011, 3.13219147e+001, 6.78144261e-008,
       -1.76075500e+002, -1.54100098e+002, 2.89190002e+002,
       -1.55211255e-009, -3.96037126e-013, -1.01729843e-013,
       5.23106796e-015, -3.97101374e-009, 1.20024424e-011,
       -2.43262085e+002, 3.84669808e-013, -1.28326960e+001,
       -3.12565980e-011, 7.90651016e+001, -1.77325989e+002, 0.,
       -2.57766895e+001, 1.19444153e-016, -1.95792892e+002,
       -9.59910220e-019, -4.91887817e+001, -1.10587196e+002,
       3.01605408e+002, 3.16202273e-011, 2.33814912e-010,
       5.24346408e-013, 9.12339353e-018, -4.34291127e-022,
       -2.27608956e-020, -7.22968388e+000, -1.41832119e-011,
       -8.32263870e+001, 3.86233683e-015, -7.35679483e+000,
       4.43567932e+002, 0., -1.51027880e+001, 1.02062347e-009,
       -1.17059402e+002, -1.62742209e-010, 4.83010139e+001,
       -1.46193085e+002, -1.40592194e+002, 6.93942948e-009,
       4.28200693e-015, -1.06148912e-009, -2.97273560e-011,
       -6.08916834e-013, 0., 7.11212158e+001, 3.26578302e-008,
       6.55800247e+000, -1.72991585e-013, 1.75964108e+001,
