%YAML:1.0
reducer: !!opencv-matrix
   rows: 128
   cols: 20
   dt: f
   data: [ 3.57409681e-016, 3.00716449e-014, 3.48982300e+002,
       -1.80039143e-013, -3.58748025e-018, 6.90673518e-010,
       1.07444545e-014, 1.97551308e+001, 6.02487124e-016,
       -4.32088623e+001, -1.53589028e-013, -2.24053268e+002,
       1.47065173e-012, 1.77278336e+002, -8.82340622e+001,
       -2.71376862e+002, -2.06282074e+002, 1.35461631e-009,
       2.11657516e+002, -1.66718872e+002, -4.33357483e-009,
       3.62879282e-014, -3.47396881e+002, 9.27964298e-020,
       -1.14444871e-008, -1.16587336e-013, -7.35004302e-014,
       4.95000336e+002, -3.41800373e-016, -1.36047668e+002,
       7.74158997e-016, -3.61587677e+002, 5.45930310e-015,
       -1.34866486e+002, -2.52976868e+002, 2.43223938e+002,
       5.95459366e+001, 6.30082271e-012, 2.16919212e+001,
       1.52943527e+002, 4.77610942e-017, 1.66450924e-008,
       1.64532700e+002, 4.26754809e-009, 0., -8.97842795e-014,
       -3.04717851e-008, -1.97281452e-019, -1.56339475e-008,
       -2.33924599e+001, 3.38634518e-015, -1.67497284e+002,
       7.61002095e-011, -1.69884701e+001, -3.34056664e+001,
       -2.42186478e+002, 1.55427332e+001, 0., 1.57992325e+002,
       1.18718433e+003, 7.64392178e-015, 3.66228070e-009,
       -1.09180878e+002, 4.61272383e-012, 0., -5.75989461e-008,
       1.60765214e-008, 4.98339006e-008, 6.43998810e-009,
       7.79155426e+001, 2.03383252e-012, -1.24680700e+001,
       6.55420379e-013, -3.21385284e+002, 1.68758743e+002,
       2.44119949e+002, 2.99751434e+001, 0., -2.34254471e+002,
       8.07733244e-015, -6.94387618e-017, 2.93274578e-008,
       -2.40474899e+002, -1.61161154e-011, -3.25711700e+002,
       7.39367512e-010, -1.21890703e-012, -8.66214002e-013,
       -7.83916728e-014, 3.30834150e+000, 1.66491492e-014,
       -8.31856613e+001, 1.72953370e-011, 3.52635345e+001,
       -1.31448868e+002, 2.49245926e+002, 1.98026749e+002,
       -5.38068695e+001, 3.44198303e+002, -9.15043340e-016,
       8.57989590e-009, 4.01781100e-015, 1.08852026e+003,
       -7.78062697e-015, 1.74349121e+002, 2.74208811e-015,
       5.33958513e-008, -1.48023590e-011, 7.15227544e-010,
       9.89735336e+001, 2.93923037e-015, -4.46964478e+002,
       5.32202547e-018, -3.52950867e+002, 5.85847321e+001,
       -3.65958893e+002, -1.10056061e+002, 8.81939392e+001,
       -1.31813675e+002, 5.02834219e-009, 1.29527837e-008,
       3.64826960e-008, -1.51302757e-008, 1.08903569e-016,
       9.01987152e+001, -1.45621384e-012, 0., -5.39017331e-010,
       -2.20698233e-008, -1.39918472e+002, -2.51701161e-016,
       2.39090744e+002, 3.72018226e-015, -1.43560486e+002,
       1.06869556e+003, -3.21900879e+002, 8.30351410e+001,
       8.10035248e+001, -1.55156876e+002, 0., -7.08707093e-010,
       -1.13796919e-008, 4.21825803e-011, 8.64547434e-010,
       2.50851269e+001, 2.33733714e-012, 0., 1.14761345e-009,
       6.77511866e-013, 2.57766327e+002, -8.84219434e-011,
       -5.19812584e+001, -2.47863016e-014, -1.20051270e+002,
       6.66368680e-014, -3.40717682e+002, 2.41059555e+002,
       1.10869942e+002, -3.10024475e+002, 0., 1.61007795e-017,
       9.30118179e-013, -7.24567812e-013, -2.62013866e-015,
       -2.08448883e+002, 4.24850286e-013, 2.30443287e+001,
       3.71304812e-015, 2.03813126e-008, -4.64080658e+001,
       1.63795537e-008, 2.26811539e+002, 5.38801018e-011,
       -2.40908859e+002, 2.46520911e-011, -3.44788879e+002,
       1.04731941e+002, -2.19764069e+002, -8.25728760e+001,
       5.86127205e+001, -4.99437254e-012, 2.45955472e-017,
       -4.35887637e-009, -1.97743795e-008, -4.23593689e+002,
       5.45775176e-015, -2.45154861e+002, 2.83221055e-008,
       8.90657394e-013, -4.67536659e+001, -7.56524582e-018,
       1.80567284e+001, 1.19871899e-011, -2.77587677e+002,
       -3.83715566e-008, -1.24383278e+002, -5.15544624e+001,
       -4.93688850e+001, 5.56243248e+001, -1.15706467e+002,
       -8.90949966e-013, -6.33327848e-015, 3.03279808e-014,
       -3.48712509e-012, 1.38584320e+002, 3.53887994e-015,
       5.91947212e+001, -2.35073687e-015, 0., 4.99686737e+002,
       -1.52047523e-013, -5.39352646e+001, -1.57903859e-008,
       2.89075336e+001, -1.35739791e-014, -3.58528824e+001,
       6.39563370e+001, -3.25108681e+001, -3.64064484e+002,
       2.25243118e+002, 3.19131366e-009, -1.36698586e-009, 0.,
       -5.69183201e-010, 4.81967499e+002, 5.28707321e-011,
       -1.01218857e+002, 4.59995864e-009, 0., -5.77166080e-016,
       -5.27284640e-012, 1.93429535e+002, 5.41750811e-010,
       -7.46244659e+001, -8.21442441e-016, -1.52243668e+002,
       -4.15044556e+001, -4.50276718e+001, -1.44880066e+002,
       -2.71510468e+002, -7.81622597e-012, -8.42071934e-022,
       5.48887991e-010, -5.65667793e-013, 1.66876312e+002,
       4.19731672e-009, -7.71728745e+001, 4.88100387e-017,
       3.13380737e+002, 2.89505989e-011, 2.24098660e-014,
       -1.38284866e+002, 3.49675333e-009, -2.98316631e+001,
       2.46132108e-011, -8.04412613e+001, 1.48154755e+002,
       1.20881134e+002, -1.83587677e+002, -4.11084473e+002,
       4.94747965e-010, 3.59513336e-010, 3.73787339e-014,
       -4.45648386e-017, 3.60441925e+002, -6.58088166e-016,
       2.13042313e+002, -2.90653031e-008, 6.62615356e+001,
       7.31219196e-010, 4.05097641e-013, 2.05009537e+002,
       -1.34485433e-016, -1.31464682e+001, 2.26540542e-009,
       -3.38300079e+002, 1.63179535e+002, -1.79773270e+002,
       -2.08234085e+002, -3.01292953e+001, -3.94484356e-009,
       -2.44589793e-009, 3.62110585e-011, 1.89073019e-012,
       1.93089233e+003, -2.53264782e-014, 1.11740334e+002,
       2.09986000e-013, 1.29751114e+002, -4.09812984e-009, 0.,
       5.13899422e+001, 6.66157396e-009, 2.02121536e+002,
       7.94518300e-008, -7.69448624e+001, 1.00305931e+002,
       -3.93828812e+001, -2.12383286e+002, 3.21248718e+002,
       -2.75589496e-010, -4.90193983e-008, -1.01195312e-007,
       -2.93651414e-008, -2.30454949e-019, -6.32975942e-017,
       9.43635254e+001, -3.29025290e-016, 2.87753701e+000,
       -9.73790926e-012, 0., 1.71923141e+002, 3.63897861e-017,
       -5.01936684e+001, 5.73726691e-011, -3.77776855e+002,
       6.27477173e+002, 4.51063309e+001, 2.60995941e+002,
       3.01711914e+002, 2.49045114e-015, -2.59082089e-008,
       -6.76157806e-013, 1.13047155e-018, -4.96434968e-012,
       -1.25820196e-011, 7.33123322e+001, 5.80502660e-011,
       -2.60776489e+002, -3.67339742e-010, 1.52089523e+002,
       -2.62407231e+000, -1.15865163e-007, -1.36228073e+002,
       2.97341188e-012, 1.61975937e+002, -1.10351924e-017,
       -6.61112671e+001, -2.48144867e+002, 1.36360718e+002,
       -7.65474576e-012, 2.48819723e-014, 1.04947240e-007,
       6.04119088e-010, -5.72494772e-021, 1.12339038e-007,
       -6.56420746e+001, 1.47490553e-009, 2.98938721e+002,
       -9.61534425e-008, -4.78496628e+001, -7.12960663e+001,
       2.14260975e-020, 4.38463287e+001, -1.26476925e-020,
       2.17741135e+002, 1.66801972e-009, -3.25170074e+002,
       -3.71600067e+002, 5.06406342e+002, -1.90469840e-009,
       5.93701358e-013, -1.17157746e-016, 8.89443821e-017,
       9.93622333e-015, 3.85256028e-011, -2.46191681e+002,
       -2.83237807e-008, 1.12967262e+001, 5.80134274e-011,
       2.01259918e+002, -1.06619270e+002, 0., 1.06667395e+001,
       4.01150710e-011, -3.66950867e+002, -1.11664734e-017,
       -5.79748611e+001, -3.97593689e+002, 5.19776733e+002,
       2.47284268e-012, -7.73952469e-015, -2.86595704e-012,
       -4.58579318e-015, -5.78973403e-009, 1.63520220e-008,
       -3.46624680e+001, -1.40447902e-008, -1.64600082e+002,
       2.02887464e-014, -3.23536606e+001, 8.78953125e+002, 0.,
       2.92399387e+001, -4.47514239e-008, -7.04606581e+000,
       -7.18852129e-014, 6.14731369e+001, -3.05662476e+002,
       -5.02940750e+001, -2.70671623e-015, 2.03025162e-017,
       -1.55219735e-021, -3.81017495e-016, -1.65090237e-015,
       3.36944481e-008, 1.31779938e+002, -5.28940471e-016,
       5.48287277e+001, -1.65184950e-008, -6.42876740e+001,
