%YAML:1.0
reducer: !!opencv-matrix
   rows: 128
   cols: 20
   dt: f
   data: [ 0., 1.42932443e-042, 3.94325388e-042, 1.09707657e-041,
       1.14359968e-041, 1.09049046e-041, 6.03959638e-042, 0., 0., 0., 0.,
       0., 0., 0., 0., 0., 0., 0., 0., 0., 10., 1.42932443e-042,
       3.80032144e-042, 1.02462944e-041, 1.08152215e-041,
       1.01089671e-041, 5.22684327e-042, 0., 0., 0., 0., 0., 0., 0., 0.,
       0., 0., 0., 0., 0., 28., 1.42932443e-042, 4.02032529e-042,
       9.60870357e-042, 1.03724112e-041, 9.27659583e-042,
       4.50657586e-042, 0., 0., 0., 0., 0., 0., 0., 0., 0., 0., 0., 0.,
       0., 46., 1.42932443e-042, 4.38746549e-042, 9.07761145e-042,
       9.97444247e-042, 8.48486220e-042, 2.73701616e-041, 0., 0., 0., 0.,
       0., 0., 0., 0., 0., 0., 0., 0., 0., 0., 1.42932443e-042,
       4.87371606e-042, 8.63480114e-042, 9.65214382e-042,
       7.70854285e-042, 3.20154660e-041, 0., 0., 0., 0., 0., 0., 0., 0.,
       0., 0., 0., 0., 0., 0., 1.42932443e-042, 5.23525106e-042,
       8.34052846e-042, 9.26678674e-042, 6.97986765e-042,
       3.61997432e-041, 0., 0., 0., 0., 0., 0., 0., 0., 0., 0., 0., 0.,
       0., 0., 1.42932443e-042, 5.48047829e-042, 7.96778307e-042,
       8.94729069e-042, 6.30864569e-042, 3.99159868e-041, 0., 0., 0., 0.,
       0., 0., 0., 0., 0., 0., 0., 0., 0., 0., 1.32562835e-042,
       5.60939775e-042, 7.60204417e-042, 8.57874920e-042,
       5.66544969e-042, 4.32650901e-041, 0., 0., 0., 0., 0., 0., 0., 0.,
       0., 0., 0., 0., 0., 0., 1.11122968e-042, 5.50570167e-042,
       7.20547670e-042, 8.18078043e-042, 5.14276536e-042,
       4.62218298e-041, 0., 0., 0., 0., 0., 0., 0., 0., 0., 0., 0., 0.,
       0., 0., 9.87915417e-043, 5.25907314e-042, 6.81171184e-042,
       7.74357531e-042, 4.59205507e-042, 4.86012346e-041, 0., 0., 0., 0.,
       0., 0., 0., 0., 0., 0., 0., 0., 0., 0., 9.55685553e-043,
       4.89473554e-042, 6.36609892e-042, 7.20547670e-042,
       4.08898892e-042, 5.04117123e-041, 0., 0., 0., 0., 0., 0., 0., 0.,
       0., 0., 0., 0., 0., 0., 9.23455688e-043, 4.42109665e-042,
       5.93309770e-042, 6.57068850e-042, 3.63216562e-042,
       5.17709718e-041, 0., 0., 0., 0., 0., 0., 0., 0., 0., 0., 0., 0.,
       0., 0., 9.12245300e-043, 4.04975256e-042, 5.61220035e-042,
       5.86443407e-042, 3.12909947e-042, 5.29802923e-041, 0., 0., 0., 0.,
       0., 0., 0., 0., 0., 0., 0., 0., 0., 0., 9.47277762e-043,
       3.90541882e-042, 5.33474325e-042, 5.23104717e-042,
       1.92524396e-041, 5.38056571e-041, 0., 0., 0., 0., 0., 0., 0., 0.,
       0., 0., 0., 0., 0., 0., 1.19250499e-042, 3.76108508e-042,
       5.22404068e-042, 4.65231090e-042, 2.30821883e-041,
       5.41643895e-041, 0., 0., 0., 0., 0., 0., 0., 0., 0., 0., 0., 0.,
       0., 0., 1.32142445e-042, 3.69242145e-042, 5.14837056e-042,
       4.14784345e-042, 2.67563929e-041, 5.39780168e-041, 0., 0., 0., 0.,
       0., 0., 0., 0., 0., 0., 0., 0., 0., 0., 1.42932443e-042,
       3.57471238e-042, 5.08951602e-042, 3.77509806e-042,
       3.00690624e-041, 5.34511286e-041, 0., 0., 0., 0., 0., 0., 0., 0.,
       0., 0., 0., 0., 0., 0., 1.42932443e-042, 3.41216176e-042,
       4.95359007e-042, 3.44158903e-042, 3.28240152e-041,
       5.28443664e-041, 0., 0., 0., 0., 0., 0., 0., 0., 0., 0., 0., 0.,
       0., 0., 1.42932443e-042, 3.23559815e-042, 4.83728230e-042,
       3.16693453e-042, 3.51109343e-041, 5.22081769e-041, 0., 0., 0., 0.,
       0., 0., 0., 0., 0., 0., 0., 0., 0., 0., 1.42932443e-042,
       3.02540338e-042, 4.57944338e-042, 2.94412807e-042,
       3.69298197e-041, 5.16504601e-041, 0., 0., 0., 0., 0., 0., 0., 0.,
       0., 0., 0., 0., 0., 0., 1.21772837e-042, 2.81240602e-042,
       4.23472396e-042, 2.72132162e-042, 3.84614390e-041,
       5.11193680e-041, 0., 0., 0., 0., 0., 0., 0., 0., 0., 0., 0., 0.,
       0., 0., 1.06778943e-042, 2.62463202e-042, 3.81713702e-042,
       2.46348270e-042, 3.95124128e-041, 5.07368135e-041, 0., 0., 0., 0.,
       0., 0., 0., 0., 0., 0., 0., 0., 0., 0., 9.26258285e-043,
       2.41864115e-042, 3.34489943e-042, 2.10615159e-042,
       3.98935660e-041, 5.04929876e-041, 0., 0., 0., 0., 0., 0., 0., 0.,
       0., 0., 0., 0., 0., 0., 9.22054390e-043, 2.26169572e-042,
       2.77877485e-042, 1.25598381e-041, 3.98235011e-041,
       5.03850876e-041, 0., 0., 0., 0., 0., 0., 0., 0., 0., 0., 0., 0.,
       0., 0., 9.36067374e-043, 2.22105807e-042, 2.31354376e-042,
       1.57758181e-041, 3.95026037e-041, 5.01608798e-041, 0., 0., 0., 0.,
       0., 0., 0., 0., 0., 0., 0., 0., 0., 0., 9.33264777e-043,
       2.19863729e-042, 2.01226459e-042, 1.86344670e-041,
       3.89000454e-041, 4.99787110e-041, 0., 0., 0., 0., 0., 0., 0., 0.,
       0., 0., 0., 0., 0., 0., 8.96831017e-043, 2.25188663e-042,
       1.83850359e-042, 2.11357847e-041, 3.81867845e-041,
       4.94195929e-041, 0., 0., 0., 0., 0., 0., 0., 0., 0., 0., 0., 0.,
       0., 0., 8.53390765e-043, 2.28691909e-042, 1.81187891e-042,
       2.32797714e-041, 3.73838404e-041, 4.85423801e-041, 0., 0., 0., 0.,
       0., 0., 0., 0., 0., 0., 0., 0., 0., 0., 8.14154408e-043,
       2.27711000e-042, 1.79786593e-042, 2.51673204e-041,
       3.68051042e-041, 4.75446556e-041, 0., 0., 0., 0., 0., 0., 0., 0.,
       0., 0., 0., 0., 0., 0., 7.73516752e-043, 2.18322301e-042,
       1.79366203e-042, 2.65938423e-041, 3.64323588e-041,
       4.64152090e-041, 0., 0., 0., 0., 0., 0., 0., 0., 0., 0., 0., 0.,
       0., 0., 7.18866112e-043, 2.03888927e-042, 1.68996595e-042,
       2.74514369e-041, 3.61492965e-041, 4.53390118e-041, 0., 0., 0., 0.,
       0., 0., 0., 0., 0., 0., 0., 0., 0., 0., 6.33386906e-043,
       1.75722827e-042, 1.54142831e-042, 2.78409979e-041,
       3.60890407e-041, 4.42333873e-041, 0., 0., 0., 0., 0., 0., 0., 0.,
       0., 0., 0., 0., 0., 0., 5.63321983e-043, 1.44894261e-042,
       1.28919459e-042, 2.78423992e-041, 3.60848368e-041,
       4.29694161e-041, 0., 0., 0., 0., 0., 0., 0., 0., 0., 0., 0., 0.,
       0., 0., 5.63321983e-043, 1.13785435e-042, 7.19987151e-042,
       2.74654499e-041, 3.62235653e-041, 4.14658229e-041, 0., 0., 0., 0.,
       0., 0., 0., 0., 0., 0., 0., 0., 0., 0., 5.42302506e-043,
       8.94028420e-043, 9.70118927e-042, 2.67746098e-041,
       3.63286627e-041, 3.99061777e-041, 0., 0., 0., 0., 0., 0., 0., 0.,
       0., 0., 0., 0., 0., 0., 5.35296013e-043, 7.35681694e-043,
       1.18451759e-041, 2.59898826e-041, 3.62670056e-041,
       3.82204156e-041, 0., 0., 0., 0., 0., 0., 0., 0., 0., 0., 0., 0.,
       0., 0., 5.42302506e-043, 6.57208980e-043, 1.37327250e-041,
       2.53116542e-041, 3.59741342e-041, 3.65682847e-041, 0., 0., 0., 0.,
       0., 0., 0., 0., 0., 0., 0., 0., 0., 0., 5.68927177e-043,
       7.32879097e-043, 1.52629429e-041, 2.46068010e-041,
       3.55621524e-041, 3.47872344e-041, 0., 0., 0., 0., 0., 0., 0., 0.,
       0., 0., 0., 0., 0., 0., 6.01157041e-043, 8.09950512e-043,
       1.63349362e-041, 2.40883206e-041, 3.51249473e-041,
       3.30776503e-041, 0., 0., 0., 0., 0., 0., 0., 0., 0., 0., 0., 0.,
       0., 0., 5.82940161e-043, 8.98232316e-043, 1.70495984e-041,
       2.36973583e-041, 3.44074825e-041, 3.13960921e-041, 0., 0., 0., 0.,
       0., 0., 0., 0., 0., 0., 0., 0., 0., 0., 5.39499909e-043,
       8.73008943e-043, 1.74069295e-041, 2.35614324e-041,
       3.35554930e-041, 2.98981040e-041, 0., 0., 0., 0., 0., 0., 0., 0.,
       0., 0., 0., 0., 0., 0., 4.47014210e-043, 8.00141423e-043,
       1.74055282e-041, 2.36721350e-041, 3.24624802e-041,
       2.85290354e-041, 0., 0., 0., 0., 0., 0., 0., 0., 0., 0., 0., 0.,
       0., 0., 3.61535004e-043, 6.68419367e-043, 1.71911296e-041,
       2.38164687e-041, 3.12980012e-041, 2.72034071e-041, 0., 0., 0., 0.,
       0., 0., 0., 0., 0., 0., 0., 0., 0., 0., 2.66246708e-043,
       3.47101630e-042, 1.68660283e-041, 2.41331622e-041,
       3.00662599e-041, 2.59618566e-041, 0., 0., 0., 0., 0., 0., 0., 0.,
       0., 0., 0., 0., 0., 0., 1.79366203e-043, 5.15677835e-042,
       1.65100985e-041, 2.44414478e-041, 2.86719679e-041,
