%YAML:1.0
reducer: !!opencv-matrix
   rows: 128
   cols: 20
   dt: f
   data: [ 8.95964294e+002, -2.88779266e+002, 9.74983063e+001,
       1.71339127e+002, 6.91839218e+001, 1.80515518e+002,
       3.06570343e+002, 1.35022324e+002, 5.33779182e+001,
       -4.46208725e+001, -1.13296066e+002, 2.60558319e+002,
       -1.88725507e+000, 1.95061127e+002, 2.25479412e+001,
       -6.65540771e+001, -9.70700989e+001, -2.91135284e+002,
       3.55687134e+002, -3.32654480e+002, -1.05914864e+002,
       2.77057922e+002, -1.06098495e+002, -1.51421677e+002,
       1.01665108e+002, -1.98140717e+001, -5.52448654e+001,
       -1.29189270e+002, -5.79540710e+001, -4.36344566e+001,
       -1.80991669e+002, -3.15456085e+002, 2.98137543e+002,
       -1.92708683e+001, 3.95975304e+001, -2.35139679e+002,
       -2.11319290e+002, 2.33971272e+001, -3.29457703e+002,
       -2.79140869e+002, 9.34547195e+001, 1.05189133e+002,
       8.18303146e+001, -5.94624672e+001, -2.50819687e+002,
       -6.61112671e+001, -6.46592712e+001, -1.64947678e+002,
       -1.73837280e+002, 2.49531525e+002, 2.27000732e+002,
       -2.02325684e+002, 1.98923920e+002, 2.13019352e+001,
       2.60995941e+002, -3.52192688e+001, -2.64696770e+001,
       2.13708725e+002, -2.14819672e+002, 3.32499199e+001,
       -1.28398865e+002, -5.87626465e+002, -2.16409755e+000,
       -3.40717682e+002, -2.46191681e+002, -4.86167526e+000,
       1.07935135e+002, 2.57431297e+001, -1.38284866e+002,
       -3.76293274e+002, -5.83656731e+001, -4.27564697e+001,
       8.30351410e+001, 2.79947144e+002, 1.79538345e+002,
       1.57739258e+001, -4.35908875e+002, 1.20725929e+002,
       -2.39916473e+002, -1.33510880e+002, -2.96032867e+002,
       -9.49340820e+001, -4.23593689e+002, 5.67087173e+001,
       1.99821121e+002, 1.27856720e+002, 7.79155426e+001,
       3.77730316e+002, 7.53067322e+001, -5.64152641e+001,
       -4.09148712e+001, -1.91374069e+002, -4.26905670e+002,
       -8.74248734e+001, -1.60608635e+001, -4.83213287e+002,
       -1.09939285e+002, 1.34577133e+002, -1.99687668e+002,
       -1.81171661e+002, 3.48982300e+002, -1.03120483e+002,
       -1.95084488e+002, 1.64399319e+001, -2.06633682e+002,
       -6.64608688e+001, -1.08551262e+002, -1.56768860e+002,
       1.97083939e+002, 3.38679314e+001, 1.89443359e+001,
       -3.24552887e+002, -2.82675262e+002, 6.91599274e+001,
       1.26327530e+002, -1.19385277e+002, -2.04752869e+002,
       5.00015335e+001, 4.03379250e+001, -2.07746872e+002,
       -4.39596748e+001, -3.01609680e+002, 1.18637917e+002,
       -8.33408966e+001, -2.46205688e+002, 1.02979935e+002,
       4.62921509e+002, 4.22980713e+002, -7.42848663e+001,
       -4.27632637e+001, 2.24035378e+001, 8.09623337e+001,
       6.03075371e+001, -6.60544739e+001, -1.33510880e+002,
       -1.87084846e+001, 3.85313110e+002, -6.69660721e+001,
       4.35488312e+002, -2.94204845e+001, -5.64564819e+001,
       1.13529526e+002, 2.39859100e+002, 6.92695236e+001,
       -4.17420868e+002, 2.10028336e+002, -7.81104660e+001,
       4.28071365e+001, -1.97820465e+002, -8.24776764e+001,
       -7.97316666e+001, -7.61696625e+001, 1.34577133e+002,
       1.43019928e+002, -1.60400055e+002, 5.35639267e+001,
       2.71728302e+002, 2.59827515e+002, -1.45622467e+002,
       6.16507301e+001, 3.94192322e+002, -4.06391266e+002,
       -3.77456856e+001, -4.50276718e+001, -3.10135284e+002,
       2.43829926e+002, 7.91863251e+001, -4.26546875e+002,
       -1.36228073e+002, 1.13272720e+002, -1.19385277e+002,
       1.30583145e+002, -3.64064484e+002, 5.81803398e+001,
       -1.76601669e+002, -1.54604477e+002, 1.96946320e+002,
       1.45738327e+002, 1.02979935e+002, -9.70700989e+001,
       -1.55902084e+002, -2.42186478e+002, 2.13042313e+002,
       -3.87398071e+002, -4.23060883e+002, -1.16959267e+002,
       -5.19812584e+001, 4.21368317e+002, -6.60544739e+001,
       2.84201935e+002, 5.95459366e+001, -1.61571671e+002,
       -1.38922058e+002, -3.44864655e+001, -9.49408569e+001,
       -2.42727232e+000, 6.92695236e+001, 3.95975304e+001,
       3.72011261e+001, -1.08119682e+002, -3.25711700e+002,
       -1.92620087e+002, -3.77544891e+002, -6.70796890e+001,
       -2.58980469e+002, -6.39888334e+000, -7.61696625e+001,
       2.68786316e+002, -9.32036667e+001, -9.22756653e+001,
       -1.41534882e+002, -4.19236679e+001, 4.29187317e+001,
       1.79586319e+002, -4.06391266e+002, 1.98923920e+002,
       -1.14681671e+002, -1.26263268e+002, 3.44763336e+001,
       -2.25568771e+001, -1.00982475e+002, -1.36648865e+002,
       -6.88596954e+001, 8.14427261e+001, 1.13272720e+002,
       -1.85718063e+002, -1.49412460e+002, -1.10050476e+002,
       4.02855530e+002, -7.48744736e+001, 3.88755264e+001,
       1.47081131e+002, -1.07792862e+002, -5.83656731e+001,
       -3.52048492e+001, 4.08008331e+002, 1.33883911e+002,
       1.74521530e+002, -3.02695679e+002, -2.69472885e+001,
       -1.08420074e+002, 1.43990295e+002, 4.21368317e+002,
       -2.39916473e+002, -4.81794495e+002, 1.25091515e+002,
       -2.41781265e+002, 3.51598328e+002, -2.85045258e+002,
       5.09007378e+001, -7.65016632e+001, 7.53067322e+001,
       -1.02991272e+002, -3.89108887e+002, 3.55061127e+002,
       5.94007339e+001, -3.91545685e+002, 7.90679245e+001,
       1.62417130e+002, -1.30048889e+002, -6.39888334e+000,
       -1.09939285e+002, 2.53114134e-001, 3.01711914e+002,
       2.24073517e+002, -2.01602066e+002, -1.27056854e+002,
       -2.53976074e+002, -8.06804657e+001, -1.08551262e+002,
       -4.77792084e+002, 7.97211304e+001, 2.61939545e+002,
       3.84743530e+002, -3.63983673e+002, 3.06514343e+002,
       2.98635254e+001, -9.00008698e+001, 1.35022324e+002,
       1.37033524e+002, -5.79036713e+001, 8.10035248e+001,
       2.98938721e+002, 4.83113525e+002, 3.34130310e+002,
       -5.55607891e+000, -7.46244659e+001, -2.46205688e+002,
       -6.65540771e+001, 1.29561539e+002, -1.31813675e+002,
       9.97215424e+001, -4.58968658e+001, -1.10224869e+002,
       3.64743385e+001, 1.36065125e+002, -1.98140717e+001,
       2.03398300e+002, -4.84469666e+002, 1.57432234e+000,
       2.30443287e+001, -2.22866882e+002, 9.89931107e+001,
       6.77843323e+001, -1.67497284e+002, 2.39859100e+002,
       -1.92708683e+001, -1.85356476e+002, -1.04642860e+002,
       8.36067276e+001, 4.06873035e+000, -8.40526104e+000,
       -3.29760551e+001, -5.78276672e+001, -5.94624672e+001,
       -2.98695679e+002, 1.66107117e+002, 8.12287216e+001,
       8.20151291e+001, 7.12322754e+002, -1.68922867e+002,
       1.17051514e+002, -9.79464798e+001, 3.94192322e+002,
       -2.02325684e+002, 2.00877121e+002, -2.19800682e+001,
       -7.15140686e+001, 7.92363129e+001, -1.71625259e+002,
       -1.34530472e+002, -7.78124771e+001, -5.87626465e+002,
       2.46403534e+002, -1.48793655e+002, 9.36435394e+001,
       2.00702332e+002, 2.39715252e+001, -7.67592697e+001,
       1.21990430e+003, -7.90576782e+001, -5.54607821e+000,
       -3.76293274e+002, -7.60268631e+001, 1.83791519e+002,
       4.04203148e+001, -2.13408604e+001, -4.93928833e+001,
       -1.81673279e+002, 8.57795410e+001, 5.89579239e+001,
       -1.34384460e+002, -2.24200516e+001, 1.69667938e+002,
       -1.38148071e+002, 8.57868347e+002, 3.66710327e+002,
       1.24784106e+003, -2.35264877e+002, 9.01512241e+000,
       3.77730316e+002, -4.08005280e+002, 5.05739502e+002,
       2.58422729e+002, 7.76227188e+001, -2.17770874e+002,
       1.14183416e+001, -1.10776701e+001, -2.50704689e+001,
       -9.24548645e+001, -1.36280487e+002, 1.69192322e+002,
       2.48145935e+002, 2.80520325e+002, 1.02402328e+002,
       1.35367468e+003, -2.97956879e+002, 7.33195114e+001,
       -6.43644638e+001, -3.14634857e+002, 5.19951286e+001,
       2.25243118e+002, -1.49752487e+002, -5.55508614e+001,
       -3.46728745e+001, 5.43954712e+002, -3.77776855e+002,
       3.06570343e+002, 2.07439117e+002, 9.94395294e+001,
       -6.69496689e+001, 2.13924744e+002, -2.26878876e+002,
       8.51473938e+002, 2.37715378e+001, 1.00305931e+002,
