%YAML:1.0
vocabulary: !!opencv-matrix
   rows: 3
   cols: 128
   dt: f
   data: [ 2.55000000e+001, 8.50000000e+000, 7.75000000e+000,
       2.22500000e+001, 34., 1.12500000e+001, 1.37500000e+001, 19.,
       4.55000000e+001, 2.42500000e+001, 4.27500000e+001,
       4.55000000e+001, 4.17500000e+001, 3.47500000e+001, 56.,
       5.35000000e+001, 43., 4.42500000e+001, 3.85000000e+001,
       2.47500000e+001, 4.85000000e+001, 6.12500000e+001,
       4.82500000e+001, 2.47500000e+001, 21., 13., 1.07500000e+001, 13.,
       1.62500000e+001, 1.22500000e+001, 1.02500000e+001, 10.,
       4.05000000e+001, 2.32500000e+001, 17., 23., 4.52500000e+001, 29.,
       19., 2.37500000e+001, 6.15000000e+001, 4.62500000e+001,
       7.52500000e+001, 7.37500000e+001, 6.65000000e+001, 57.,
       7.57500000e+001, 6.25000000e+001, 57., 5.17500000e+001,
       7.22500000e+001, 5.72500000e+001, 65., 5.05000000e+001,
       7.05000000e+001, 4.97500000e+001, 2.77500000e+001,
       1.52500000e+001, 15., 1.87500000e+001, 3.27500000e+001,
       1.82500000e+001, 2.45000000e+001, 2.22500000e+001,
       4.72500000e+001, 2.22500000e+001, 4.22500000e+001,
       3.85000000e+001, 1.92500000e+001, 1.42500000e+001, 10.,
       2.37500000e+001, 66., 3.47500000e+001, 5.97500000e+001,
       7.07500000e+001, 50., 7.57500000e+001, 5.62500000e+001, 50., 39.,
       4.72500000e+001, 56., 6.42500000e+001, 7.12500000e+001, 35., 58.,
       8.42500000e+001, 1.92500000e+001, 4.02500000e+001,
       3.52500000e+001, 15., 25., 1.65000000e+001, 2.25000000e+001,
       1.82500000e+001, 4.75000000e+001, 1.55000000e+001,
       2.22500000e+001, 3.05000000e+001, 1.65000000e+001,
       9.75000000e+000, 1.42500000e+001, 2.82500000e+001, 91.,
       3.97500000e+001, 2.92500000e+001, 8.62500000e+001,
       7.02500000e+001, 4.12500000e+001, 4.07500000e+001,
       6.32500000e+001, 4.45000000e+001, 4.97500000e+001,
       2.85000000e+001, 5.87500000e+001, 9.07500000e+001,
       2.87500000e+001, 43., 60., 21., 29., 2.62500000e+001,
       2.45000000e+001, 3.22500000e+001, 18., 1.67500000e+001,
       1.97500000e+001, 6.85000000e+001, 25., 17., 18., 7.35000000e+001,
       2.75000000e+001, 15., 23., 43., 36., 7.45000000e+001,
       3.35000000e+001, 1.75000000e+001, 2.45000000e+001, 42.,
       4.15000000e+001, 1.65000000e+001, 26., 85., 4.95000000e+001,
       4.35000000e+001, 44., 51., 31., 6.85000000e+001, 2.35000000e+001,
       22., 24., 56., 26., 18., 28., 4.65000000e+001, 32., 19., 15., 44.,
       34., 2.35000000e+001, 1.85000000e+001, 6.15000000e+001, 48.,
       7.35000000e+001, 6.55000000e+001, 47., 49., 66., 66.,
       4.15000000e+001, 5.95000000e+001, 8.05000000e+001, 59.,
       6.35000000e+001, 64., 68., 4.85000000e+001, 6.45000000e+001,
       2.45000000e+001, 1.65000000e+001, 2.95000000e+001,
       5.05000000e+001, 24., 1.95000000e+001, 34., 2.55000000e+001, 16.,
       28., 18., 18., 21., 8., 8.50000000e+000, 6.25000000e+001, 58.,
       94., 54., 4.65000000e+001, 7.75000000e+001, 7.35000000e+001,
       4.35000000e+001, 3.45000000e+001, 3.75000000e+001,
       1.01500000e+002, 85., 39., 3.75000000e+001, 9.95000000e+001, 74.,
       68., 4.25000000e+001, 13., 38., 6.45000000e+001, 17., 10., 58.,
       1.65000000e+001, 4.50000000e+000, 3.95000000e+001,
       1.65000000e+001, 5.50000000e+000, 7.50000000e+000,
       3.50000000e+000, 5.50000000e+000, 40., 16., 3.05000000e+001,
       1.85000000e+001, 3.05000000e+001, 51., 19., 2.05000000e+001, 9.,
       5.50000000e+000, 1.85000000e+001, 39., 1.65000000e+001,
       1.15000000e+001, 32., 5.45000000e+001, 1.45000000e+001, 31.,
       8.50000000e+000, 3.85000000e+001, 3.25000000e+001, 2., 5.,
       2.75000000e+001, 3.22500000e+001, 3.07500000e+001,
       1.97500000e+001, 1.17500000e+001, 22., 1.95000000e+001,
       1.95000000e+001, 1.65000000e+001, 4.72500000e+001, 42.,
       4.62500000e+001, 2.37500000e+001, 19., 2.22500000e+001,
       4.35000000e+001, 5.07500000e+001, 2.67500000e+001, 30.,
       4.85000000e+001, 3.85000000e+001, 5.67500000e+001,
       5.85000000e+001, 5.17500000e+001, 3.42500000e+001,
       1.85000000e+001, 1.42500000e+001, 2.52500000e+001,
       3.02500000e+001, 2.55000000e+001, 24., 22., 2.52500000e+001, 55.,
       3.42500000e+001, 2.57500000e+001, 2.05000000e+001, 37., 47.,
       4.47500000e+001, 2.77500000e+001, 8.72500000e+001,
       7.97500000e+001, 9.15000000e+001, 5.77500000e+001,
       4.37500000e+001, 72., 8.82500000e+001, 6.52500000e+001,
       5.87500000e+001, 7.07500000e+001, 8.82500000e+001,
       6.87500000e+001, 8.97500000e+001, 7.22500000e+001,
       8.45000000e+001, 68., 29., 1.75000000e+001, 21., 3.07500000e+001,
       4.32500000e+001, 25., 2.75000000e+001, 30., 3.82500000e+001,
       3.97500000e+001, 1.47500000e+001, 15., 2.57500000e+001,
       5.87500000e+001, 4.17500000e+001, 2.85000000e+001,
       7.32500000e+001, 81., 4.82500000e+001, 41., 5.42500000e+001,
       8.12500000e+001, 6.25000000e+001, 49., 48., 43., 5.15000000e+001,
       6.05000000e+001, 6.17500000e+001, 50., 6.27500000e+001,
       6.75000000e+001, 1.07500000e+001, 1.07500000e+001,
       1.25000000e+001, 1.92500000e+001, 1.97500000e+001,
       3.27500000e+001, 4.55000000e+001, 1.95000000e+001, 10.,
       1.85000000e+001, 10., 7., 10., 1.67500000e+001, 1.15000000e+001,
       5.75000000e+000, 2.27500000e+001, 36., 10., 2.27500000e+001,
       2.85000000e+001, 2.37500000e+001, 1.52500000e+001,
       1.17500000e+001, 25., 28., 12., 24., 2.47500000e+001,
       2.17500000e+001, 1.57500000e+001, 1.72500000e+001,
       6.25000000e+000, 7.75000000e+000, 7.75000000e+000,
       1.22500000e+001, 5.50000000e+000, 6.50000000e+000, 6.,
       5.25000000e+000 ]
