%YAML:1.0
reducer: !!opencv-matrix
   rows: 128
   cols: 20
   dt: f
   data: [ 4.87979129e-002, -3.16354483e-002, 2.34334674e-002,
       5.17460220e-002, -1.58317402e-001, -1.02584668e-001,
       2.55792285e-003, -3.89162041e-002, 2.10610554e-002,
       3.29167247e-002, 2.74978057e-002, 4.13730331e-002,
       -4.42247465e-002, -9.54054967e-002, -9.57606640e-003,
       -4.69166934e-002, -1.32703274e-001, 1.23728186e-001,
       -7.30239376e-002, 8.11735541e-002, 1.91510990e-002,
       -5.41701689e-002, 2.68278345e-002, 4.75512110e-002,
       5.02886809e-003, -2.87681539e-002, 3.00495848e-002,
       -3.27636339e-002, -5.05142438e-004, -3.16326246e-002,
       6.27351925e-003, 3.78184728e-002, 1.03825110e-003,
       -3.59254107e-002, -1.57996546e-002, 1.21781342e-002,
       1.81026608e-002, 2.93060001e-002, -2.13423255e-003,
       3.43033448e-002, 9.23354998e-002, -1.00548923e-001,
       1.02104079e-002, 7.24307150e-002, 1.24586254e-001,
       -4.52278741e-002, 7.67299533e-002, 5.49643934e-002,
       4.44441885e-002, -1.15800522e-001, -4.81597558e-002,
       7.79011622e-002, 8.10194612e-002, 6.81049451e-002,
       -2.02318057e-002, 4.55417437e-003, 9.03545544e-002,
       -6.41225800e-002, 1.08046114e-001, 1.91087320e-001,
       1.80691108e-001, 8.00241902e-002, -1.76594704e-001,
       8.38209689e-002, 3.50323729e-002, 9.24645513e-002,
       4.14164066e-002, -1.77542400e-002, 5.69882095e-002,
       2.91804168e-002, 8.97386968e-002, 1.86278373e-002,
       6.57892302e-002, 1.23041086e-001, -4.72807437e-002,
       -2.98094358e-002, -6.79586306e-002, 1.06425121e-001,
       5.40193403e-003, -2.91098785e-002, 1.10857435e-001,
       6.36639148e-002, -4.64651063e-002, 1.18836619e-001,
       -1.31555736e-001, -7.31679285e-003, 1.21680833e-001,
       -2.62936335e-002, 4.58967648e-002, 7.64883906e-002,
       2.59550717e-002, -5.17669320e-002, 8.52703154e-002,
       1.31464750e-001, 3.18765715e-002, 1.60902906e-002,
       -1.18798330e-001, 1.59400120e-001, -4.49900664e-002,
       1.17641605e-001, 3.61394100e-002, -5.34838364e-002,
       2.43311981e-003, 1.00169173e-002, -3.47394869e-002,
       -4.49195392e-002, 3.83580686e-004, -5.97044937e-002,
       6.34497358e-003, 5.39917173e-003, 4.61025804e-004,
       1.80880502e-002, 8.33304003e-002, 3.53872105e-002,
       -5.78179173e-002, 8.04661959e-002, 3.04893721e-002,
       1.05015151e-001, 7.40017695e-003, -4.95593343e-003,
       8.00125897e-002, -1.69901550e-001, -2.33498923e-002,
       4.04258911e-003, -1.39676798e-002, -3.12335771e-002,
       6.17028540e-003, 2.79731564e-002, -9.26082302e-003,
       -9.28072911e-003, -1.51352301e-001, 1.04464553e-001,
       1.30668208e-001, 1.96416572e-001, 5.31023704e-002,
       7.12889656e-002, 2.02847496e-001, 3.28863300e-002,
       1.72960177e-001, 1.40398771e-001, 4.50945497e-002,
       -1.16941273e-001, -9.22448784e-002, -2.67167594e-002,
       -1.59543529e-001, -9.97291356e-002, -5.46188802e-002,
       1.30209595e-001, -7.32151493e-002, 7.41061941e-002,
       -1.01334721e-001, 2.13301666e-002, -6.19012751e-002,
       4.26156372e-002, 4.11971323e-002, -8.23701918e-002,
       -1.65648803e-001, 1.46993831e-001, 4.56123278e-002,
       -2.57327314e-002, 5.44092879e-002, -3.39806899e-002,
       3.88442568e-004, 7.44205937e-002, -1.88335851e-002,
       -1.12856701e-001, 4.09198273e-003, -1.15651637e-001,
       -4.25734557e-002, -9.87382140e-004, 2.94677652e-002,
       1.08018592e-002, 3.07143256e-002, -3.74610759e-002,
       -9.55340713e-002, 1.10431835e-001, -1.54598713e-001,
       3.70044224e-002, -4.30515409e-002, 2.10084431e-002,
       1.24755055e-001, -9.35270637e-002, -3.65564823e-002,
       7.26042548e-003, 9.96054783e-002, -7.67448843e-002,
       -1.10299969e-002, -9.74819586e-002, -7.13630114e-003,
       6.00687675e-002, -4.12339494e-002, 8.45698416e-002,
       6.69982284e-002, -1.14584632e-001, -9.86942351e-002,
       1.71118885e-001, -1.44411519e-001, -2.94473805e-002,
       5.31478897e-002, 5.58231510e-002, 1.75807208e-001,
       -1.78274866e-002, -1.80641890e-001, 1.47184327e-001,
       2.82375872e-001, 1.99796576e-002, -2.06876025e-002,
       1.46710183e-002, 2.25830432e-002, -1.69789717e-001,
       -7.34244660e-003, 1.16513543e-001, 2.73957872e-003,
       -7.53675550e-002, -1.07863605e-001, 2.68019717e-002,
       1.05442949e-001, -1.06161036e-001, -2.67587304e-002,
       1.41429529e-001, 9.06484574e-002, 4.86086160e-002,
       -1.45017684e-001, 1.21981710e-001, 5.97361252e-002,
       7.42638856e-002, -8.56461525e-002, -3.75462277e-003,
       3.11394059e-003, -1.12096399e-001, 1.46955550e-001,
       1.76072819e-003, -1.27058681e-002, 6.04267232e-002,
       -1.50061846e-001, 6.43051788e-002, -2.23794244e-002,
       -5.79025447e-002, -7.30664656e-002, -1.16735496e-001,
       7.23229051e-002, -6.37909546e-002, 1.59719400e-002,
       8.64460319e-002, -8.43846649e-002, -5.21250144e-002,
       -2.69757919e-002, -7.72763491e-002, -5.33206854e-003,
       -4.48772721e-002, 4.50638048e-002, -5.45650302e-003,
       2.12286878e-002, -7.22505944e-003, -1.14149570e-001,
       1.10712439e-001, -1.35681510e-001, 4.19372134e-002,
       -1.80269435e-001, 4.23496254e-002, 9.56546068e-002,
       -1.74220398e-001, -1.29877001e-001, -5.94433174e-002,
       -8.76561850e-002, -9.45232213e-002, -2.33865008e-002,
       -8.22798535e-002, -1.32107958e-001, 1.10930853e-001,
       1.44340517e-002, -2.34081093e-002, 5.43766320e-002,
       5.63227944e-002, 2.88807787e-002, 1.63412452e-001,
       6.58188015e-002, 1.91102996e-001, -1.67670384e-001,
       -1.21642184e-002, 1.55392557e-001, -1.13143861e-001,
       -2.47739956e-001, 2.51834802e-002, -7.11835399e-002,
       -2.03865752e-001, -9.79123116e-002, 6.15057610e-002,
       -1.64646626e-001, 1.18399747e-001, -2.92428136e-001,
       5.37740625e-002, -2.80684233e-002, 1.03263348e-001,
       -1.28780203e-002, -5.73061034e-002, 2.63399601e-001,
       6.82346597e-002, 7.84928277e-002, 1.17885582e-002,
       3.67638282e-002, 2.52001826e-003, -1.07712984e-001,
       8.07170644e-002, -4.14529368e-002, -1.20003983e-001,
       -3.36140096e-002, -5.27028106e-002, -1.47114947e-001,
       4.27830778e-002, -4.20661122e-002, -2.36799624e-002,
       -3.24330144e-002, 3.56203970e-003, -1.15257345e-001,
       -5.91577543e-003, -4.27284390e-002, -1.35546895e-002,
       9.21533033e-002, -3.96363810e-002, 2.66431123e-001,
       -7.64360428e-002, 1.31190941e-001, -1.21562138e-001,
       -6.71564341e-002, -1.46710783e-001, 1.13573372e-001,
       -8.02547708e-002, -6.14528731e-003, -8.50296021e-002,
       2.23719515e-002, -1.43234909e-001, 8.13447032e-003,
       -4.60481942e-002, 1.35434540e-002, -3.55616175e-002,
       -1.67171836e-001, -6.03091158e-002, 8.42983462e-003,
       1.62233855e-003, 3.69609922e-001, -6.59862012e-002,
       -9.18892473e-002, -1.02579556e-001, 1.29154816e-001,
       -4.47792895e-002, -2.08753906e-002, -9.88658890e-002,
       -1.49007151e-002, -7.77516291e-002, 8.10864940e-003,
       -1.24410786e-001, -7.21575785e-003, -4.85339463e-002,
       2.25398596e-002, -2.21574396e-001, -4.62780707e-002,
       -2.86189541e-002, -9.29275006e-002, 7.76851969e-003,
       1.44773528e-001, -5.50747626e-002, -6.53109923e-002,
       2.28826866e-001, 1.81358084e-001, -4.05338965e-002,
       1.37626231e-002, -4.22548875e-002, -6.31971564e-003,
       -1.82717502e-001, 1.13817891e-002, -2.29065940e-002,
       -4.66896445e-002, -4.80323173e-002, 5.50554395e-002,
       6.45202538e-003, 1.65790737e-001, -1.26157239e-001,
       -8.09636712e-002, 8.27138200e-002, 4.12890576e-002,
       -1.92926712e-002, 3.44077908e-002, 9.13778022e-002,
       -3.46052423e-002, -3.73352244e-002, -1.94010232e-003,
       2.51911813e-003, 1.15335267e-002, -2.09685285e-002,
       1.47691891e-002, 3.50807756e-002, 2.68299878e-002,
       3.73716420e-003, -1.96819469e-001, 5.37465625e-002,
       -5.28117344e-002, -4.85241860e-002, 2.00377479e-002,
