%YAML:1.0
vocabulary: !!opencv-matrix
   rows: 5
   cols: 128
   dt: f
   data: [ 3.94705887e+001, 1.94117641e+001, 1.35882349e+001,
       2.07058830e+001, 2.92941170e+001, 1.91176472e+001,
       2.35294113e+001, 32., 3.80588226e+001, 3.42941170e+001,
       5.91176491e+001, 3.23529396e+001, 1.91176472e+001,
       3.34117661e+001, 6.41764679e+001, 4.68823547e+001,
       4.08235283e+001, 3.62352943e+001, 4.78823547e+001,
       2.65294113e+001, 6.29411774e+001, 5.18823547e+001,
       4.71176491e+001, 2.79411774e+001, 1.48235292e+001,
       5.76470613e+000, 10., 7.64705896e+000, 1.95882359e+001,
       8.58823490e+000, 1.24705887e+001, 7.76470613e+000,
       5.68823547e+001, 4.15294113e+001, 2.31176472e+001,
       2.83529415e+001, 5.05882339e+001, 3.63529396e+001,
       2.71764698e+001, 3.26470604e+001, 5.72352943e+001,
       6.04117661e+001, 8.15294113e+001, 5.84705887e+001,
       4.04117661e+001, 4.62352943e+001, 7.65882339e+001, 52.,
       6.54705887e+001, 5.64117661e+001, 7.27647095e+001,
       4.87058830e+001, 8.21764679e+001, 5.65882339e+001,
       6.64117661e+001, 4.38823547e+001, 2.55882359e+001,
       5.94117641e+000, 8.94117641e+000, 8.82352924e+000,
       2.90588245e+001, 1.11764708e+001, 1.17647057e+001,
       9.29411793e+000, 5.25882339e+001, 5.31764717e+001,
       2.26470585e+001, 26., 3.95294113e+001, 6.31764717e+001,
       2.81176472e+001, 2.26470585e+001, 45., 7.17647095e+001,
       6.54117661e+001, 3.21176491e+001, 4.37058830e+001,
       7.31764679e+001, 6.64705887e+001, 4.22941170e+001,
       5.46470604e+001, 4.16470604e+001, 6.13529396e+001,
       4.91176491e+001, 6.92352982e+001, 36., 4.64117661e+001,
       4.74117661e+001, 2.79411774e+001, 8.52941227e+000,
       1.88235302e+001, 7.94117641e+000, 2.22352943e+001,
       1.07058821e+001, 1.40588236e+001, 1.14705887e+001,
       3.56470604e+001, 4.90588226e+001, 1.25882349e+001,
       2.05294113e+001, 16., 2.44117641e+001, 1.61764698e+001,
       1.39411764e+001, 5.86470604e+001, 7.50588226e+001,
       1.95882359e+001, 4.05882339e+001, 6.04705887e+001,
       6.62352982e+001, 3.92352943e+001, 3.52352943e+001,
       5.22941170e+001, 5.59411774e+001, 2.30588245e+001,
       2.28823528e+001, 8.27647095e+001, 54., 1.98235302e+001,
       2.69411774e+001, 1.99411774e+001, 1.78235302e+001,
       1.51176472e+001, 5.64705896e+000, 1.52941179e+001,
       8.76470566e+000, 6.11764717e+000, 6.52941179e+000,
       4.84545479e+001, 1.94242439e+001, 1.72424240e+001,
       2.30909100e+001, 4.95151520e+001, 2.15757580e+001,
       1.90606060e+001, 2.38787880e+001, 5.14848518e+001,
       3.36969719e+001, 5.24545479e+001, 3.47878799e+001,
       3.18181820e+001, 3.13030319e+001, 4.86969719e+001,
       4.57575760e+001, 3.72424240e+001, 4.14848480e+001,
       5.80303040e+001, 2.96666679e+001, 4.52424240e+001,
       5.05454559e+001, 5.47878799e+001, 3.36060600e+001,
       4.08181839e+001, 2.59696980e+001, 2.43636379e+001, 23.,
       4.59090919e+001, 2.88787880e+001, 2.49393940e+001,
       2.48181820e+001, 5.51212120e+001, 3.01818199e+001,
       2.81212120e+001, 2.89393940e+001, 5.32727280e+001,
       3.40909119e+001, 2.66363640e+001, 2.41515160e+001, 69.,
       5.61818199e+001, 7.24545441e+001, 5.36060638e+001,
       4.75151520e+001, 4.98181839e+001, 6.62121201e+001,
       5.16666679e+001, 5.23636398e+001, 6.09696999e+001,
       8.19696960e+001, 5.23636398e+001, 5.91818199e+001,
       5.27272758e+001, 7.02727280e+001, 5.51212120e+001,
       4.83939400e+001, 3.40606079e+001, 3.98181839e+001,
       4.07272720e+001, 5.91212120e+001, 3.31818199e+001,
       3.59393959e+001, 3.82424240e+001, 4.52121239e+001,
       2.80909100e+001, 2.71515160e+001, 3.17272739e+001,
       4.18181839e+001, 2.83636379e+001, 1.73333340e+001,
       2.04848499e+001, 6.41515198e+001, 5.77575760e+001,
       5.87272758e+001, 4.26969719e+001, 4.56060638e+001,
       5.59090919e+001, 5.26666679e+001, 3.83636360e+001,
       4.44242439e+001, 4.73333359e+001, 7.08484879e+001,
       6.68787918e+001, 5.41212120e+001, 3.92121239e+001,
       6.20909119e+001, 7.33636398e+001, 4.39090919e+001,
       4.16363640e+001, 3.91818199e+001, 4.14545479e+001, 52.,
       3.30909119e+001, 3.10606079e+001, 4.90606079e+001, 20.,
       1.46666670e+001, 1.11818190e+001, 1.20606060e+001,
       1.42121220e+001, 1.25454550e+001, 7.39393950e+000,
       9.57575798e+000, 3.43030319e+001, 2.50303040e+001,
       1.69696980e+001, 1.76666679e+001, 2.12121220e+001,
       2.85757580e+001, 2.03636360e+001, 1.83939400e+001,
       2.58181820e+001, 2.58787880e+001, 2.24545460e+001,
       3.09393940e+001, 3.20606079e+001, 2.10606060e+001,
       2.80909100e+001, 3.73333359e+001, 1.82727280e+001, 21.,
       1.83939400e+001, 1.92727280e+001, 2.76060619e+001,
       1.57878790e+001, 1.46969700e+001, 1.81515160e+001,
       3.36363640e+001, 1.33181820e+001, 8.18181801e+000, 22.,
       4.91363640e+001, 1.72727280e+001, 1.01818180e+001,
       1.45909100e+001, 4.85909119e+001, 2.77727280e+001,
       4.22727280e+001, 3.75454559e+001, 3.57727280e+001,
       2.59090919e+001, 4.41363640e+001, 4.53181839e+001,
       4.62727280e+001, 4.52727280e+001, 4.09545479e+001,
       2.24545460e+001, 5.32272758e+001, 5.06363640e+001,
       4.13181839e+001, 23., 3.57272720e+001, 1.63636360e+001,
       7.59090948e+000, 7.18181849e+000, 2.46818180e+001,
       1.17727280e+001, 7.59090948e+000, 9.63636398e+000,
       3.68636360e+001, 2.35909100e+001, 1.41363640e+001,
       2.07272739e+001, 5.20909119e+001, 3.89090919e+001,
       1.75000000e+001, 1.60909100e+001, 6.75454559e+001,
       5.52272758e+001, 6.32727280e+001, 4.75000000e+001,
       6.25000000e+001, 5.46363640e+001, 58., 4.62727280e+001,
       6.13636398e+001, 4.91363640e+001, 5.97272758e+001,
       4.58181839e+001, 6.64090958e+001, 4.30454559e+001,
       5.36363640e+001, 5.21363640e+001, 3.38181839e+001,
       1.39090910e+001, 1.25909090e+001, 1.08181820e+001,
       2.79090919e+001, 1.15000000e+001, 8.77272797e+000,
       1.65454559e+001, 4.25000000e+001, 2.72727280e+001,
       3.88181839e+001, 6.73636398e+001, 2.94545460e+001, 22.,
       8.36363697e+000, 1.13181820e+001, 8.49545517e+001,
       8.00909119e+001, 5.53181839e+001, 57., 4.86818199e+001,
       8.95000000e+001, 5.37272758e+001, 3.39545479e+001,
       5.21818199e+001, 6.98181839e+001, 6.59545441e+001,
       4.98181839e+001, 9.32727280e+001, 4.40454559e+001,
       4.81818199e+001, 7.70454559e+001, 1.93181820e+001, 41.,
       4.26818199e+001, 9.63636398e+000, 3.06363640e+001,
       1.18636370e+001, 7.59090948e+000, 1.03636370e+001,
       2.46818180e+001, 1.35000000e+001, 1.68181820e+001,
       2.42272739e+001, 1.27272730e+001, 1.02727280e+001,
       6.77272749e+000, 8.09090900e+000, 8.20454559e+001,
       7.16363678e+001, 1.98636360e+001, 4.40454559e+001,
       5.63181839e+001, 3.90909119e+001, 2.47272739e+001,
       2.34090919e+001, 7.13181839e+001, 7.08181839e+001, 25.,
       3.61363640e+001, 1.03954552e+002, 4.86363640e+001,
       2.43636379e+001, 3.72272720e+001, 1.71363640e+001,
       2.87727280e+001, 2.15909100e+001, 7.13636398e+000,
       3.20909119e+001, 1.26363640e+001, 6.72727299e+000, 7.,
       3.23225784e+001, 11., 9.45161247e+000, 1.46451607e+001,
       2.52580643e+001, 1.06774187e+001, 1.09032259e+001,
       1.70322571e+001, 5.05806427e+001, 2.42903214e+001,
       4.59032249e+001, 4.79032249e+001, 4.15483856e+001,
       2.61935482e+001, 4.42903214e+001, 5.15483856e+001,
       2.92580643e+001, 4.02903214e+001, 5.50967712e+001,
       3.01935482e+001, 4.57096748e+001, 5.49032249e+001,
       5.67419319e+001, 2.70322571e+001, 4.12903214e+001,
       2.26129017e+001, 1.30645161e+001, 1.21612902e+001,
       3.36774178e+001, 2.12258053e+001, 1.61612892e+001,
       1.58387089e+001, 4.00322571e+001, 2.01290321e+001,
       2.09677410e+001, 1.78387089e+001, 3.26451607e+001,
       1.94838696e+001, 1.98709679e+001, 1.93870964e+001,
