%YAML:1.0
vocabulary: !!opencv-matrix
   rows: 3
   cols: 128
   dt: f
   data: [ 4.21666679e+001, 1.63333340e+001, 1.68333340e+001,
       2.05000000e+001, 4.56666679e+001, 2.36666679e+001,
       2.48333340e+001, 1.83333340e+001, 3.88333359e+001,
       2.66666679e+001, 4.91666679e+001, 41., 3.85000000e+001,
       3.46666679e+001, 4.65000000e+001, 3.71666679e+001,
       4.51666679e+001, 4.26666679e+001, 48., 3.43333359e+001,
       5.15000000e+001, 4.63333359e+001, 4.55000000e+001,
       3.45000000e+001, 6.78333359e+001, 2.25000000e+001,
       1.48333340e+001, 1.38333340e+001, 3.58333359e+001, 18.,
       1.73333340e+001, 2.98333340e+001, 3.26666679e+001,
       2.03333340e+001, 2.56666679e+001, 2.01666679e+001,
       4.48333359e+001, 3.15000000e+001, 25., 1.41666670e+001,
       4.68333359e+001, 3.63333359e+001, 56., 57., 5.33333359e+001, 44.,
       5.33333359e+001, 4.61666679e+001, 6.23333359e+001, 42.,
       6.46666718e+001, 6.28333359e+001, 5.53333359e+001,
       3.91666679e+001, 6.11666679e+001, 5.73333359e+001, 72.,
       1.91666679e+001, 2.55000000e+001, 2.96666679e+001,
       3.31666679e+001, 14., 16., 4.48333359e+001, 4.38333359e+001,
       2.55000000e+001, 5.16666679e+001, 42., 3.48333359e+001,
       3.01666679e+001, 4.03333359e+001, 2.05000000e+001,
       5.63333359e+001, 4.41666679e+001, 7.03333359e+001,
       5.16666679e+001, 5.98333359e+001, 7.11666718e+001,
       5.36666679e+001, 34., 4.55000000e+001, 3.41666679e+001,
       6.13333359e+001, 7.18333359e+001, 5.18333359e+001,
       2.68333340e+001, 4.83333359e+001, 7.03333359e+001,
       6.56666718e+001, 5.96666679e+001, 3.88333359e+001,
       3.21666679e+001, 3.81666679e+001, 1.16666670e+001,
       1.91666679e+001, 3.21666679e+001, 5.35000000e+001,
       1.36666670e+001, 3.36666679e+001, 4.16666679e+001,
       1.55000000e+001, 1.56666670e+001, 18., 2.13333340e+001,
       6.86666718e+001, 3.63333359e+001, 3.08333340e+001,
       5.86666679e+001, 5.83333359e+001, 6.45000000e+001,
       3.71666679e+001, 4.15000000e+001, 2.08333340e+001,
       3.86666679e+001, 2.01666679e+001, 46., 68., 2.95000000e+001,
       3.61666679e+001, 5.71666679e+001, 2.65000000e+001,
       3.76666679e+001, 2.23333340e+001, 1.71666679e+001,
       3.86666679e+001, 7.33333349e+000, 4.50000000e+000,
       1.16666670e+001, 3.41764717e+001, 1.42352943e+001,
       9.94117641e+000, 1.57647057e+001, 3.55294113e+001,
       1.91764698e+001, 1.48235292e+001, 1.84705887e+001,
       5.72352943e+001, 3.35882339e+001, 51., 3.61764717e+001,
       3.59411774e+001, 3.05882359e+001, 5.22941170e+001,
       5.28235283e+001, 3.76470604e+001, 4.10588226e+001,
       5.35294113e+001, 3.39411774e+001, 6.21176491e+001,
       5.74705887e+001, 5.48235283e+001, 31., 3.28235283e+001,
       1.74705887e+001, 1.15294123e+001, 1.21176472e+001,
       3.58823547e+001, 2.05882359e+001, 1.23529415e+001,
       1.41176472e+001, 4.27058830e+001, 2.45294113e+001,
       1.64117641e+001, 2.00588245e+001, 3.84117661e+001,
       2.72941170e+001, 1.71764698e+001, 1.84117641e+001,
       7.74117661e+001, 6.32941170e+001, 7.24705887e+001,
       5.98235283e+001, 5.80588226e+001, 5.88823547e+001,
       7.09411774e+001, 5.71764717e+001, 6.06470604e+001,
       6.13529396e+001, 77., 6.92352982e+001, 8.17647095e+001,
       5.89411774e+001, 7.33529434e+001, 5.98823547e+001,
       3.55882339e+001, 1.63529415e+001, 1.43529415e+001,
       2.48235302e+001, 4.54117661e+001, 1.92352943e+001,
       1.61176472e+001, 2.52941170e+001, 4.05882339e+001,
       2.43529415e+001, 3.21764717e+001, 3.80588226e+001,
       2.43529415e+001, 2.46470585e+001, 1.61176472e+001,
       1.88235302e+001, 7.68235321e+001, 7.49411774e+001,
       6.26470604e+001, 5.21764717e+001, 5.58823547e+001,
       7.55294113e+001, 5.77647057e+001, 4.58823547e+001,
       5.20588226e+001, 4.54705887e+001, 6.08235283e+001,
       7.71176453e+001, 7.44117661e+001, 43., 5.85294113e+001,
       8.37647095e+001, 2.34705887e+001, 3.01764698e+001,
       2.57058830e+001, 2.38823528e+001, 3.55882339e+001,
       1.72941170e+001, 1.62941170e+001, 20., 1.87647057e+001,
       1.15294123e+001, 1.53529415e+001, 2.10588245e+001,
       1.32352943e+001, 8.94117641e+000, 1.09411764e+001,
       1.29411764e+001, 5.35882339e+001, 4.01176491e+001,
       2.09411774e+001, 3.58823547e+001, 3.54117661e+001,
       2.85882359e+001, 2.12352943e+001, 2.51764698e+001,
       4.06470604e+001, 3.61176491e+001, 1.79411774e+001,
       4.32352943e+001, 5.15294113e+001, 2.43529415e+001,
       2.02352943e+001, 2.86470585e+001, 1.08235292e+001,
       1.63529415e+001, 11., 10., 1.81764698e+001, 8.41176510e+000,
       7.29411745e+000, 6.76470613e+000, 12., 14., 5.05000000e+001, 53.,
       1.55000000e+001, 29., 85., 4.25000000e+001, 2.95000000e+001,
       3.35000000e+001, 67., 43., 2.05000000e+001, 50., 103., 57., 33.,
       23., 16., 14., 2.75000000e+001, 31., 28., 28., 1.15000000e+001,
       19., 33., 2.25000000e+001, 29., 40., 5.25000000e+001,
       2.55000000e+001, 25., 20., 25., 51., 28., 18., 1.75000000e+001,
       2.75000000e+001, 4.85000000e+001, 20., 5.55000000e+001, 97.,
       2.45000000e+001, 2.45000000e+001, 37., 91., 1.55000000e+001,
       2.75000000e+001, 5.55000000e+001, 35., 2.15000000e+001,
       2.85000000e+001, 31., 2.25000000e+001, 12., 42., 48., 23.,
       2.35000000e+001, 49., 2.85000000e+001, 19., 57., 27., 23.,
       4.65000000e+001, 64., 36., 14., 3.75000000e+001, 78., 46.,
       9.35000000e+001, 62., 4.35000000e+001, 61., 55., 8.45000000e+001,
       21., 38., 88., 46., 30., 67., 8.75000000e+001, 4.75000000e+001,
       17., 27., 7.65000000e+001, 41., 4.05000000e+001, 3.85000000e+001,
       58., 5.15000000e+001, 55., 36., 9.50000000e+000, 9., 43.,
       3.65000000e+001, 10., 8., 7.35000000e+001, 5.95000000e+001,
       4.55000000e+001, 26., 40., 8.15000000e+001, 54., 33.,
       3.05000000e+001, 42., 8.15000000e+001, 47., 3.25000000e+001, 49.,
       6.45000000e+001, 3.75000000e+001, 2.05000000e+001, 20.,
       3.95000000e+001, 4.55000000e+001, 45., 26., 40., 4.75000000e+001 ]
