%YAML:1.0
vocabulary: !!opencv-matrix
   rows: 3
   cols: 128
   dt: f
   data: [ 3.85000000e+001, 1.26250000e+001, 1.55000000e+001,
       2.15000000e+001, 3.45000000e+001, 17., 2.46250000e+001,
       2.31250000e+001, 43., 2.63750000e+001, 4.83750000e+001,
       4.25000000e+001, 3.48750000e+001, 3.23750000e+001,
       5.37500000e+001, 4.55000000e+001, 35., 45., 5.22500000e+001,
       3.21250000e+001, 4.62500000e+001, 50., 5.38750000e+001,
       2.97500000e+001, 41., 2.63750000e+001, 1.93750000e+001,
       1.52500000e+001, 37., 2.83750000e+001, 2.61250000e+001,
       1.83750000e+001, 3.85000000e+001, 1.78750000e+001,
       1.65000000e+001, 2.25000000e+001, 31., 2.36250000e+001,
       1.65000000e+001, 2.32500000e+001, 5.32500000e+001,
       4.05000000e+001, 6.63750000e+001, 6.82500000e+001,
       5.13750000e+001, 4.93750000e+001, 5.98750000e+001, 60.,
       5.06250000e+001, 6.15000000e+001, 6.88750000e+001,
       5.18750000e+001, 5.95000000e+001, 5.87500000e+001,
       6.03750000e+001, 4.57500000e+001, 4.75000000e+001,
       2.61250000e+001, 19., 2.45000000e+001, 4.23750000e+001,
       2.61250000e+001, 1.68750000e+001, 2.87500000e+001,
       3.72500000e+001, 2.02500000e+001, 3.63750000e+001,
       2.92500000e+001, 2.57500000e+001, 3.35000000e+001,
       1.83750000e+001, 2.22500000e+001, 5.81250000e+001, 45.,
       7.32500000e+001, 5.57500000e+001, 4.82500000e+001,
       7.27500000e+001, 6.02500000e+001, 5.05000000e+001,
       3.81250000e+001, 4.15000000e+001, 6.67500000e+001,
       6.65000000e+001, 6.11250000e+001, 4.51250000e+001,
       6.41250000e+001, 7.23750000e+001, 3.66250000e+001,
       3.43750000e+001, 2.33750000e+001, 3.01250000e+001,
       3.83750000e+001, 15., 1.42500000e+001, 2.96250000e+001, 39., 19.,
       3.51250000e+001, 3.42500000e+001, 1.97500000e+001,
       1.87500000e+001, 1.67500000e+001, 2.33750000e+001, 74.,
       4.46250000e+001, 5.25000000e+001, 71., 4.92500000e+001,
       5.33750000e+001, 4.53750000e+001, 5.41250000e+001,
       2.82500000e+001, 3.73750000e+001, 3.56250000e+001,
       6.63750000e+001, 5.91250000e+001, 2.81250000e+001,
       4.07500000e+001, 5.03750000e+001, 1.61250000e+001, 28.,
       1.86250000e+001, 3.07500000e+001, 2.57500000e+001,
       1.13750000e+001, 1.25000000e+001, 1.93750000e+001, 7., 16., 28.,
       22., 15., 23., 64., 21., 25., 11., 16., 31., 51., 50., 24., 24.,
       78., 42., 22., 33., 71., 64., 31., 76., 102., 15., 8., 15., 53.,
       17., 7., 61., 5., 12., 28., 41., 32., 23., 16., 7., 52., 17., 37.,
       55., 34., 25., 35., 46., 79., 14., 78., 112., 64., 25., 67., 112.,
       81., 31., 70., 69., 34., 11., 11., 76., 10., 15., 35., 31., 22.,
       24., 30., 18., 37., 35., 82., 62., 72., 34., 37., 30., 30., 29.,
       112., 112., 40., 15., 27., 26., 112., 72., 49., 31., 9., 3., 2.,
       6., 11., 19., 40., 25., 16., 18., 27., 18., 15., 13., 23., 41.,
       112., 34., 15., 18., 10., 9., 14., 19., 46., 14., 6., 6., 108.,
       41., 5., 8., 7., 3., 2., 4., 4.06666679e+001, 23.,
       1.71666679e+001, 1.56666670e+001, 2.68333340e+001,
       2.51666679e+001, 2.46666679e+001, 2.38333340e+001,
       5.63333359e+001, 4.28333359e+001, 5.18333359e+001, 27., 25.,
       3.45000000e+001, 5.51666679e+001, 4.76666679e+001, 34.,
       3.36666679e+001, 5.53333359e+001, 3.41666679e+001,
       6.18333359e+001, 5.63333359e+001, 5.61666679e+001,
       3.18333340e+001, 22., 1.43333340e+001, 1.15000000e+001,
       1.26666670e+001, 4.45000000e+001, 21., 1.45000000e+001, 16., 55.,
       4.15000000e+001, 26., 2.58333340e+001, 4.15000000e+001,
       3.45000000e+001, 2.96666679e+001, 26., 7.83333359e+001,
       7.18333359e+001, 7.31666718e+001, 5.63333359e+001, 47.,
       5.71666679e+001, 6.98333359e+001, 5.55000000e+001,
       5.48333359e+001, 58., 78., 6.81666718e+001, 7.91666718e+001,
       5.83333359e+001, 7.28333359e+001, 5.63333359e+001,
       2.96666679e+001, 1.56666670e+001, 1.36666670e+001,
       3.48333359e+001, 5.06666679e+001, 21., 19., 25., 5.08333359e+001,
       3.71666679e+001, 1.65000000e+001, 2.85000000e+001,
       2.68333340e+001, 2.61666679e+001, 1.31666670e+001,
       1.73333340e+001, 7.15000000e+001, 8.98333359e+001,
       6.31666679e+001, 4.53333359e+001, 5.66666679e+001,
       7.88333359e+001, 6.53333359e+001, 4.68333359e+001,
       4.46666679e+001, 3.98333359e+001, 6.03333359e+001,
       7.16666718e+001, 5.55000000e+001, 4.01666679e+001,
       6.23333359e+001, 6.65000000e+001, 2.03333340e+001,
       1.53333340e+001, 1.25000000e+001, 3.51666679e+001,
       3.48333359e+001, 19., 19., 2.28333340e+001, 3.18333340e+001,
       1.51666670e+001, 7., 1.35000000e+001, 1.88333340e+001,
       1.85000000e+001, 6.66666698e+000, 8.66666698e+000,
       5.15000000e+001, 52., 20., 29., 3.45000000e+001, 4.11666679e+001,
       2.28333340e+001, 2.13333340e+001, 4.13333359e+001,
       3.55000000e+001, 2.11666679e+001, 4.11666679e+001,
       4.23333359e+001, 34., 2.26666679e+001, 3.41666679e+001,
       1.45000000e+001, 1.35000000e+001, 7.83333349e+000,
       9.33333397e+000, 21., 1.61666679e+001, 1.35000000e+001, 11. ]
