%YAML:1.0
vocabulary: !!opencv-matrix
   rows: 21
   cols: 128
   dt: f
   data: [ 70., 1.75000000e+001, 17., 2.65000000e+001, 19., 16.,
       2.55000000e+001, 35., 4.85000000e+001, 27., 66., 64.,
       4.75000000e+001, 2.85000000e+001, 58., 5.25000000e+001, 31.,
       4.05000000e+001, 49., 42., 6.35000000e+001, 4.65000000e+001, 38.,
       2.05000000e+001, 67., 13., 11., 9.50000000e+000, 2.25000000e+001,
       1.35000000e+001, 9.50000000e+000, 18., 81., 47., 20.,
       3.25000000e+001, 31., 22., 24., 2.75000000e+001, 4.85000000e+001,
       40., 7.55000000e+001, 88., 59., 4.95000000e+001, 8.75000000e+001,
       4.35000000e+001, 59., 48., 5.05000000e+001, 5.65000000e+001, 67.,
       4.35000000e+001, 5.25000000e+001, 2.45000000e+001, 70.,
       1.45000000e+001, 11., 1.35000000e+001, 2.75000000e+001,
       2.75000000e+001, 11., 29., 65., 3.75000000e+001, 1.75000000e+001,
       19., 19., 24., 1.25000000e+001, 1.55000000e+001, 5.45000000e+001,
       45., 6.65000000e+001, 6.95000000e+001, 40., 66., 76.,
       3.35000000e+001, 5.05000000e+001, 2.35000000e+001, 39.,
       6.65000000e+001, 4.85000000e+001, 2.45000000e+001,
       4.35000000e+001, 6.55000000e+001, 8.05000000e+001, 24., 23.,
       8.50000000e+000, 8., 1.95000000e+001, 7.50000000e+000, 31., 72.,
       7.50000000e+000, 13., 4.45000000e+001, 1.75000000e+001, 16.,
       1.05000000e+001, 41., 6.65000000e+001, 6.45000000e+001, 39.,
       9.25000000e+001, 5.05000000e+001, 5.05000000e+001,
       7.45000000e+001, 69., 13., 22., 1.75000000e+001, 82., 45., 21.,
       47., 3.45000000e+001, 1.45000000e+001, 2.25000000e+001, 34., 10.,
       4., 3.50000000e+000, 6., 8., 2.51666679e+001, 12.,
       1.11666670e+001, 15., 4.56666679e+001, 1.78333340e+001, 17.,
       1.33333340e+001, 4.13333359e+001, 25., 4.43333359e+001,
       4.01666679e+001, 4.98333359e+001, 29., 47., 3.91666679e+001,
       3.21666679e+001, 4.05000000e+001, 4.41666679e+001,
       2.43333340e+001, 4.78333359e+001, 4.85000000e+001,
       4.91666679e+001, 3.03333340e+001, 4.63333359e+001,
       3.28333359e+001, 1.26666670e+001, 1.06666670e+001,
       2.81666679e+001, 3.11666679e+001, 2.11666679e+001,
       1.93333340e+001, 3.06666679e+001, 2.38333340e+001,
       4.73333359e+001, 2.33333340e+001, 4.75000000e+001,
       3.11666679e+001, 2.66666679e+001, 1.73333340e+001,
       5.63333359e+001, 58., 8.38333359e+001, 5.18333359e+001,
       7.25000000e+001, 6.23333359e+001, 6.45000000e+001, 45.,
       4.86666679e+001, 5.48333359e+001, 7.21666718e+001,
       4.68333359e+001, 5.98333359e+001, 4.66666679e+001,
       6.06666679e+001, 5.48333359e+001, 4.55000000e+001,
       4.83333359e+001, 4.43333359e+001, 19., 47., 3.66666679e+001,
       3.36666679e+001, 2.55000000e+001, 1.23333340e+001,
       1.11666670e+001, 4.86666679e+001, 5.26666679e+001, 12.,
       1.15000000e+001, 9.66666698e+000, 6.50000000e+000,
       7.11666718e+001, 7.78333359e+001, 5.23333359e+001,
       5.98333359e+001, 3.73333359e+001, 6.43333359e+001,
       4.41666679e+001, 20., 7.01666718e+001, 7.36666718e+001,
       7.55000000e+001, 5.63333359e+001, 84., 58., 7.06666718e+001,
       7.45000000e+001, 3.28333359e+001, 4.73333359e+001,
       4.53333359e+001, 1.56666670e+001, 6.83333359e+001,
       3.61666679e+001, 1.73333340e+001, 24., 7.33333349e+000, 9.,
       1.53333340e+001, 1.75000000e+001, 8.50000000e+000,
       8.50000000e+000, 9., 9., 54., 3.88333359e+001, 7.16666698e+000,
       1.88333340e+001, 2.53333340e+001, 2.06666679e+001, 14.,
       9.16666698e+000, 7.25000000e+001, 66., 2.38333340e+001,
       3.88333359e+001, 8.23333359e+001, 40., 2.83333340e+001,
       2.76666679e+001, 31., 3.23333359e+001, 1.56666670e+001,
       1.05000000e+001, 4.95000000e+001, 34., 1.16666670e+001,
       1.13333340e+001, 2.72500000e+001, 9.08333397e+000,
       4.75000000e+000, 7.66666698e+000, 1.33333340e+001,
       7.91666698e+000, 8.41666698e+000, 1.71666679e+001,
       5.45833359e+001, 2.81666679e+001, 3.94166679e+001,
       3.74166679e+001, 2.69166679e+001, 2.64166679e+001,
       5.09166679e+001, 6.39166679e+001, 2.58333340e+001,
       3.28333359e+001, 4.80833359e+001, 3.15833340e+001,
       5.74166679e+001, 7.05833359e+001, 5.84166679e+001,
       2.83333340e+001, 2.49166679e+001, 1.64166679e+001,
       1.46666670e+001, 13., 3.72500000e+001, 2.12500000e+001,
       1.52500000e+001, 1.49166670e+001, 4.25833359e+001,
       2.68333340e+001, 1.36666670e+001, 1.57500000e+001,
       2.62500000e+001, 1.72500000e+001, 1.68333340e+001,
       1.69166679e+001, 9.19166718e+001, 72., 7.15000000e+001,
       6.75833359e+001, 5.76666679e+001, 5.07500000e+001,
       6.99166718e+001, 6.69166718e+001, 5.45000000e+001,
       6.14166679e+001, 79., 7.34166718e+001, 8.81666718e+001,
       6.68333359e+001, 7.35000000e+001, 5.86666679e+001,
       4.59166679e+001, 2.29166679e+001, 2.43333340e+001,
       3.54166679e+001, 6.28333359e+001, 28., 2.79166679e+001,
       3.68333359e+001, 2.72500000e+001, 1.50833340e+001,
       1.65000000e+001, 19., 2.13333340e+001, 7.75000000e+000,
       1.13333340e+001, 1.68333340e+001, 8.85000000e+001,
       7.42500000e+001, 5.76666679e+001, 5.15000000e+001,
       5.41666679e+001, 55., 4.87500000e+001, 50., 4.06666679e+001, 37.,
       6.14166679e+001, 9.05000000e+001, 7.97500000e+001,
       3.89166679e+001, 52., 7.95833359e+001, 4.81666679e+001,
       3.23333359e+001, 2.55833340e+001, 3.76666679e+001,
       4.72500000e+001, 2.35000000e+001, 2.23333340e+001,
       3.60833359e+001, 1.58333340e+001, 6.16666698e+000,
       7.58333349e+000, 1.71666679e+001, 1.22500000e+001,
       5.16666698e+000, 7.58333349e+000, 1.77500000e+001,
       6.35833359e+001, 27., 2.18333340e+001, 4.65000000e+001,
       3.71666679e+001, 2.52500000e+001, 2.72500000e+001,
       4.58333359e+001, 2.39166679e+001, 2.40833340e+001,
       2.24166679e+001, 5.53333359e+001, 4.78333359e+001,
       1.79166679e+001, 2.62500000e+001, 41., 1.63333340e+001,
       1.62500000e+001, 1.32500000e+001, 1.41666670e+001,
       1.81666679e+001, 9.25000000e+000, 1.00833340e+001,
       1.30833340e+001, 2.88888893e+001, 9.77777767e+000,
       9.33333302e+000, 1.66666660e+001, 3.27777786e+001,
       9.66666698e+000, 9.44444466e+000, 1.51111116e+001,
       4.92222214e+001, 2.31111107e+001, 4.56666679e+001,
       4.74444466e+001, 4.11111107e+001, 2.65555553e+001,
       4.42222214e+001, 5.04444466e+001, 3.92222214e+001,
       4.26666679e+001, 4.82222214e+001, 2.88888893e+001,
       5.11111107e+001, 5.15555573e+001, 4.64444466e+001,
       2.35555553e+001, 4.02222214e+001, 2.15555553e+001,
       1.01111116e+001, 8.88888931e+000, 2.13333340e+001,
       1.63333340e+001, 1.71111107e+001, 1.21111116e+001,
       3.44444466e+001, 1.77777786e+001, 2.28888893e+001,
       1.24444447e+001, 3.45555573e+001, 2.33333340e+001,
       2.37777786e+001, 1.68888893e+001, 6.37777786e+001,
       4.67777786e+001, 7.47777786e+001, 6.43333359e+001,
       6.18888893e+001, 5.64444466e+001, 67., 5.38888893e+001,
       6.32222214e+001, 58., 7.34444427e+001, 5.91111107e+001,
       7.05555573e+001, 5.24444466e+001, 6.85555573e+001,
       5.21111107e+001, 57., 2.43333340e+001, 1.67777786e+001,
       2.18888893e+001, 3.72222214e+001, 1.63333340e+001,
       1.43333330e+001, 2.82222233e+001, 2.72222233e+001,
       1.85555553e+001, 3.13333340e+001, 2.46666660e+001,
       2.18888893e+001, 1.41111116e+001, 1.34444447e+001,
       1.34444447e+001, 6.51111145e+001, 3.96666679e+001,
       6.48888931e+001, 5.77777786e+001, 4.92222214e+001, 74.,
       4.64444466e+001, 3.76666679e+001, 4.23333321e+001,
       4.37777786e+001, 5.57777786e+001, 7.12222214e+001,
       6.14444466e+001, 3.64444466e+001, 5.88888893e+001,
       9.03333359e+001, 2.95555553e+001, 4.58888893e+001,
       3.43333321e+001, 2.83333340e+001, 4.11111107e+001,
       1.84444447e+001, 1.63333340e+001, 2.58888893e+001, 29.,
       1.34444447e+001, 2.45555553e+001, 3.45555573e+001,
