%YAML:1.0
vocabulary: !!opencv-matrix
   rows: 40
   cols: 128
   dt: f
   data: [ 6.95000000e+001, 11., 9., 17., 1.35000000e+001, 11., 20.,
       3.85000000e+001, 5.45000000e+001, 28., 6.25000000e+001,
       6.55000000e+001, 5.25000000e+001, 3.45000000e+001, 68.,
       6.75000000e+001, 2.85000000e+001, 34., 44., 44., 6.65000000e+001,
       6.65000000e+001, 4.05000000e+001, 2.25000000e+001, 22., 10.,
       8.50000000e+000, 5., 15., 9.50000000e+000, 10., 11.,
       9.55000000e+001, 5.65000000e+001, 1.55000000e+001,
       2.45000000e+001, 2.65000000e+001, 2.05000000e+001,
       2.15000000e+001, 2.55000000e+001, 5.95000000e+001, 49., 74.,
       1.01500000e+002, 69., 5.65000000e+001, 9.15000000e+001,
       5.15000000e+001, 63., 5.35000000e+001, 4.65000000e+001, 72., 91.,
       5.55000000e+001, 5.25000000e+001, 2.95000000e+001, 35., 10., 7.,
       1.45000000e+001, 29., 16., 17., 31., 62., 3.85000000e+001, 10.,
       1.05000000e+001, 13., 12., 5., 10., 6.95000000e+001,
       5.75000000e+001, 7.05000000e+001, 82., 4.25000000e+001,
       7.35000000e+001, 83., 33., 5.65000000e+001, 24., 3.85000000e+001,
       81., 6.05000000e+001, 34., 4.95000000e+001, 59., 56., 34.,
       2.65000000e+001, 2.65000000e+001, 11., 1.95000000e+001,
       3.15000000e+001, 51., 4.85000000e+001, 4.50000000e+000,
       6.50000000e+000, 16., 6.50000000e+000, 8.50000000e+000, 2., 19.,
       62., 57., 3.55000000e+001, 74., 2.95000000e+001, 4.75000000e+001,
       6.55000000e+001, 43., 14., 21., 1.25000000e+001, 6.95000000e+001,
       4.25000000e+001, 22., 4.65000000e+001, 2.65000000e+001,
       1.95000000e+001, 28., 1.45000000e+001, 1.05000000e+001,
       4.50000000e+000, 9.50000000e+000, 1.05000000e+001, 9.,
       5.46666679e+001, 27., 1.76666679e+001, 1.83333340e+001,
       2.26666679e+001, 2.06666679e+001, 2.26666679e+001,
       3.13333340e+001, 3.16666679e+001, 3.26666679e+001,
       6.06666679e+001, 3.73333359e+001, 1.76666679e+001,
       2.53333340e+001, 5.26666679e+001, 4.36666679e+001,
       1.96666679e+001, 3.33333359e+001, 62., 3.33333359e+001,
       4.16666679e+001, 50., 53., 26., 27., 1.86666679e+001,
       1.86666679e+001, 22., 6.43333359e+001, 2.66666679e+001,
       2.63333340e+001, 2.46666679e+001, 7.16666718e+001,
       4.06666679e+001, 2.66666679e+001, 3.16666679e+001, 27.,
       2.63333340e+001, 26., 34., 4.83333359e+001, 47., 9.66666718e+001,
       7.96666718e+001, 3.33333359e+001, 44., 81., 7.03333359e+001,
       3.43333359e+001, 7.63333359e+001, 9.53333359e+001,
       4.16666679e+001, 5.66666679e+001, 66., 81., 43., 27.,
       2.33333340e+001, 2.53333340e+001, 3.76666679e+001,
       4.73333359e+001, 3.03333340e+001, 4.63333359e+001,
       2.43333340e+001, 5.03333359e+001, 6.36666679e+001, 22.,
       1.53333340e+001, 15., 2.53333340e+001, 9.66666698e+000,
       1.26666670e+001, 3.46666679e+001, 6.26666679e+001,
       1.00333336e+002, 4.86666679e+001, 22., 53., 9.13333359e+001,
       3.76666679e+001, 3.06666679e+001, 5.13333359e+001,
       1.04666672e+002, 6.53333359e+001, 37., 4.46666679e+001,
       9.66666718e+001, 6.06666679e+001, 3.66666679e+001,
       2.16666679e+001, 3.46666679e+001, 2.96666679e+001, 21.,
       1.33333340e+001, 3.46666679e+001, 4.03333359e+001, 31., 58.,
       1.26666670e+001, 5.33333349e+000, 12., 49., 8.66666698e+000,
       1.13333340e+001, 2.03333340e+001, 50., 4.43333359e+001, 13.,
       1.06666670e+001, 51., 1.93333340e+001, 8.33333397e+000,
       2.96666679e+001, 1.83333340e+001, 3.93333359e+001, 39.,
       2.16666679e+001, 13., 1.86666679e+001, 4.13333359e+001, 31.,
       2.26666679e+001, 1.23333340e+001, 21., 32., 8.66666698e+000,
       4.66666698e+000, 2.83333340e+001, 4.57500000e+001, 26.,
       1.35000000e+001, 2.15000000e+001, 42., 2.42500000e+001, 22.,
       2.32500000e+001, 4.32500000e+001, 3.15000000e+001,
       4.27500000e+001, 2.42500000e+001, 22., 2.52500000e+001,
       4.07500000e+001, 3.77500000e+001, 3.62500000e+001,
       2.67500000e+001, 3.27500000e+001, 25., 4.95000000e+001,
       4.15000000e+001, 3.02500000e+001, 1.97500000e+001,
       7.50000000e+000, 4.50000000e+000, 9.50000000e+000,
       7.25000000e+000, 1.37500000e+001, 7.75000000e+000,
       7.50000000e+000, 7., 4.52500000e+001, 37., 21., 3.15000000e+001,
       4.82500000e+001, 6.12500000e+001, 3.65000000e+001,
       2.72500000e+001, 7.17500000e+001, 6.42500000e+001,
       6.25000000e+001, 4.17500000e+001, 4.92500000e+001,
       5.22500000e+001, 5.67500000e+001, 4.37500000e+001,
       4.02500000e+001, 3.97500000e+001, 5.75000000e+001,
       5.57500000e+001, 6.65000000e+001, 3.72500000e+001, 45., 41.,
       1.45000000e+001, 1.12500000e+001, 1.87500000e+001, 13.,
       1.75000000e+001, 8., 7.75000000e+000, 1.07500000e+001, 66., 40.,
       3.95000000e+001, 6.02500000e+001, 3.87500000e+001,
       4.35000000e+001, 12., 16., 101., 8.15000000e+001, 63., 55., 59.,
       9.67500000e+001, 64., 4.75000000e+001, 3.67500000e+001,
       5.25000000e+001, 5.55000000e+001, 6.45000000e+001, 110., 32.,
       4.72500000e+001, 87., 1.77500000e+001, 3.15000000e+001,
       4.22500000e+001, 1.15000000e+001, 1.87500000e+001,
       1.12500000e+001, 1.47500000e+001, 8.75000000e+000,
       2.82500000e+001, 19., 9.75000000e+000, 21., 2.47500000e+001,
       9.50000000e+000, 7., 1.22500000e+001, 110., 7.85000000e+001, 25.,
       60., 9.95000000e+001, 3.15000000e+001, 2.32500000e+001,
       3.87500000e+001, 70., 6.45000000e+001, 2.25000000e+001,
       3.97500000e+001, 110., 2.65000000e+001, 1.95000000e+001,
       3.65000000e+001, 1.67500000e+001, 12., 12., 11., 1.92500000e+001,
       7.75000000e+000, 1.07500000e+001, 1.02500000e+001,
       4.41666679e+001, 2.26666679e+001, 21., 1.81666679e+001,
       2.61666679e+001, 2.58333340e+001, 2.86666679e+001,
       2.75000000e+001, 6.33333359e+001, 3.36666679e+001,
       5.16666679e+001, 3.31666679e+001, 34., 3.88333359e+001,
       5.65000000e+001, 5.95000000e+001, 3.23333359e+001,
       3.26666679e+001, 4.71666679e+001, 39., 7.23333359e+001,
       6.03333359e+001, 5.21666679e+001, 3.23333359e+001,
       1.91666679e+001, 16., 1.81666679e+001, 1.21666670e+001,
       3.46666679e+001, 1.66666679e+001, 1.58333340e+001,
       1.11666670e+001, 6.56666718e+001, 44., 35., 2.66666679e+001,
       3.68333359e+001, 3.41666679e+001, 2.75000000e+001,
       2.61666679e+001, 84., 7.51666718e+001, 9.11666718e+001,
       7.01666718e+001, 64., 7.06666718e+001, 7.71666718e+001, 68., 66.,
       6.26666679e+001, 8.31666718e+001, 85., 104., 6.66666718e+001, 74.,
       6.23333359e+001, 2.23333340e+001, 1.43333340e+001,
       1.78333340e+001, 2.36666679e+001, 3.93333359e+001, 15.,
       1.56666670e+001, 17., 4.61666679e+001, 3.45000000e+001,
       1.63333340e+001, 2.15000000e+001, 2.38333340e+001,
       2.75000000e+001, 1.05000000e+001, 1.81666679e+001,
       8.18333359e+001, 9.93333359e+001, 6.01666679e+001,
       4.28333359e+001, 4.48333359e+001, 93., 4.78333359e+001, 28.,
       4.91666679e+001, 3.96666679e+001, 5.76666679e+001,
       8.08333359e+001, 7.45000000e+001, 5.46666679e+001,
       4.58333359e+001, 5.08333359e+001, 18., 1.65000000e+001,
       1.36666670e+001, 1.25000000e+001, 2.01666679e+001,
       1.53333340e+001, 1.45000000e+001, 1.36666670e+001,
       1.68333340e+001, 1.21666670e+001, 4., 6.33333349e+000,
       1.21666670e+001, 9.50000000e+000, 4.16666698e+000,
       4.33333349e+000, 3.45000000e+001, 3.83333359e+001,
       9.16666698e+000, 2.23333340e+001, 2.38333340e+001,
       3.51666679e+001, 1.71666679e+001, 1.38333340e+001,
       2.91666679e+001, 1.56666670e+001, 9.33333397e+000, 26.,
       3.63333359e+001, 2.98333340e+001, 2.03333340e+001, 26.,
       9.16666698e+000, 6.83333349e+000, 4.66666698e+000,
       5.66666698e+000, 9.50000000e+000, 5.16666698e+000,
       3.66666675e+000, 4.66666698e+000, 36., 2.55000000e+001, 23., 28.,
       32., 1.75000000e+001, 26., 3.25000000e+001, 53., 45., 46.,
