%YAML:1.0
reducer: !!opencv-matrix
   rows: 128
   cols: 20
   dt: f
   data: [ 9.12876870e-013, -1.20128865e-010, -3.53064575e+001, 0.,
       -1.93435508e-008, -4.12582364e-016, -1.65423653e-009,
       -3.89896393e+001, -4.23965290e-012, -7.04704361e+001,
       -4.58742690e-013, -1.20160057e+002, -1.44521973e-011,
       8.51267548e+001, 1.76779633e+001, -8.24120407e+001,
       -2.25718857e+002, 1.22096615e-017, 7.14455643e+001,
       1.30027573e+002, -1.17156884e-009, 4.38916888e-015,
       -3.53922455e+002, 2.42126337e-015, -2.01702619e-008,
       2.24215135e-008, 9.27465757e-018, 4.75645569e+002,
       5.43333824e-013, -5.86692352e+001, -2.03041445e-010,
       -2.82662445e+002, -2.93062311e-011, 2.95459518e+001,
       -8.64936218e+001, 1.62311966e+002, -1.47849243e+002,
       5.53369628e-010, 4.98351669e+001, 2.66681183e+002,
       5.73743256e-014, -3.49628770e-010, -7.35260544e+001,
       7.81102116e-008, -4.28540930e-002, -4.20758317e-009,
       7.99533576e-014, -1.55284466e-018, -2.21167777e-008,
       -5.10437131e-001, 4.14428804e-011, 3.08455139e+002,
       -1.54279492e-015, 8.92127609e+001, -8.55260315e+001,
       -5.56316452e+001, -1.68168442e+002, 7.75662437e-002,
       2.29960358e+002, 8.28493591e+002, 3.02335980e-015,
       7.82647802e-016, -1.91858047e+002, 2.64380878e-010,
       1.50534539e-002, 4.41583011e-012, 2.29869019e-016,
       -4.17475807e-014, 4.05705336e-020, 1.32472366e+002,
       9.18725451e-009, -1.14825638e+002, -1.67568036e-018,
       -7.97544479e+001, -1.13094429e+002, 6.13163681e+001,
       -5.22520447e+001, 1.33926287e-001, 2.90007687e+001,
       3.29307510e-016, -7.96469210e-011, -8.84261275e-010,
       2.17143497e+001, 9.97507198e-014, -3.29354462e+002,
       4.17245509e-011, 6.72155595e-011, 1.23843763e-012,
       -1.99201107e-011, -1.06302841e+002, 5.31889366e-010,
       -1.32573639e+002, -8.55258894e-017, -5.46572533e+001,
       -1.83780029e+002, -8.07112350e+001, -5.08512497e+001,
       -2.12236500e+001, 6.77703552e+001, 1.09762636e-010,
       -9.85604718e-013, 3.87858067e-013, 8.73633545e+002,
       -5.35724807e-012, 3.13569550e+002, 8.40117842e-009,
       -1.61543046e-009, -4.74459494e-009, -1.41621500e-016,
       -5.06076393e+001, 1.77127735e-013, -2.69812439e+002,
       1.16496089e-007, -2.93639648e+002, -8.18736343e+001,
       -1.01920404e+001, -8.33428345e+001, -6.70796432e+001,
       1.56019958e+002, 2.36969389e-015, -5.77753774e-013,
       7.66184130e-011, -5.86926271e-011, -3.67718573e-012,
       2.13005936e+002, 1.13390942e-018, 1.87824503e-001,
       3.32344263e-010, -1.03580433e-008, 1.27678352e+002,
       5.35813989e-008, 1.42786362e+002, 2.25344420e-019,
       1.51797943e+002, 1.00930157e+003, -1.29325226e+002,
       2.52047634e+001, 2.11167507e+001, 7.14807663e+001,
       4.19570133e-002, 3.31372683e-016, -1.24516655e-014,
       5.98320653e-015, -1.10098337e-011, 1.27193947e+002,
       1.28838162e-009, 9.98495892e-002, 9.24782697e-017,
       -5.61777198e-017, 3.58485565e+002, -3.42917155e-013,
       4.38291588e+001, 6.42023032e-011, -1.87428379e+001,
       3.14262436e-011, -2.31972443e+002, 3.94816345e+002,
       6.02847633e+001, -2.23462845e+002, -1.36427758e-002,
       2.68533151e-009, -1.11646170e-011, 6.05428809e-008,
       -1.10273757e-009, -1.31936550e+001, 2.10705236e-018,
       -4.52004433e+001, -1.06623659e-007, 1.55991454e-016,
       -8.27563667e+000, 2.50870274e-016, 1.84813950e+002,
       5.70792210e-015, -1.26130836e+002, -3.51502275e-014,
       1.65647564e+001, -5.32092438e+001, -9.32284355e+000,
       -9.25820465e+001, -7.96236420e+001, -1.53180941e-020, 0.,
       -3.29733538e-008, 1.75114632e-018, -3.27274475e+002,
       6.31737791e-008, -9.78364410e+001, 9.54694223e-014,
       3.64038222e-008, 6.34139633e+001, 5.78512724e-011,
       -9.63508453e+001, -5.49018111e-008, -8.14696350e+001,
       8.26772517e-009, 8.10223694e+001, -7.18628464e+001,
       -7.50036469e+001, 3.30636954e+000, 1.59360352e+002,
       -3.21452493e-014, 1.62621337e-015, 3.05450353e-011,
       -1.01797597e-014, 2.35234857e+000, -8.26733260e-009,
       -9.98000412e+001, 2.68154693e-013, 1.33519322e-001,
       5.29339172e+002, -2.53353280e-014, 9.59151459e+001,
       -7.83460954e-016, 5.36891594e+001, 2.79386903e-010,
       3.12799492e+001, -1.53687622e+002, -3.78568382e+001,
       -1.77566040e+002, 2.19696747e+002, 2.54831682e-018,
       -2.84526005e-012, -3.17422283e-010, 4.60876910e-012,
       5.10005157e+002, -1.80727211e-010, -4.38520317e+001,
       -1.95726524e-009, -3.72475125e-002, -8.80597221e-015,
       4.60247573e-009, -7.04176483e+001, -8.15119439e-009,
       1.39119616e+001, 2.43895080e-017, -8.80808258e+001,
       -2.62040405e+001, -2.00440521e+001, -6.40544357e+001,
       -2.53615234e+002, 2.84483103e-013, -7.56035945e-008,
       -6.55438204e-011, -2.81673548e-018, 2.28842346e+002,
       2.10968591e-012, 2.17720367e+002, 2.65548949e-013,
       1.11471558e+002, -9.66974389e-010, -5.26054089e-015,
       -6.93884087e+000, 5.95614920e-012, -8.76632385e+001,
       5.82406479e-008, -1.42548828e+002, 9.34507675e+001,
       3.79331474e+001, 4.63199615e+001, -8.88028336e+001,
       4.00058633e-020, -3.04013217e-013, 8.85474627e-009,
       -6.33204426e-012, -1.32100052e+002, -4.24367874e-009,
       -6.04004440e+001, 3.86356227e-008, -6.76244431e+001,
       1.28921498e-016, -3.44026958e-008, 1.25990761e+002,
       1.46536006e-010, -1.49008041e+002, -4.70658165e-011,
       -2.89287628e+002, 1.96332764e+002, -9.85892334e+001,
       -1.99833633e+002, -2.23963638e+002, 5.45773275e-008,
       1.03874462e-013, 2.15984971e-016, 3.65024439e-019,
       1.63799756e+003, -2.18536403e-018, 2.01263657e+001,
       -2.02796217e-011, 1.73719559e+001, 0., 6.24345103e-003,
       -1.42304047e+002, 0., 2.48597946e+002, -1.55188987e-010,
       -1.26148827e+002, 2.77445953e+002, -1.16551659e+002,
       -1.47058426e+002, -5.84168358e+001, -1.26668684e-012,
       5.38899566e-017, -3.37404299e-010, -3.60465754e-011,
       1.08807427e-007, 3.98725053e-010, 1.57599152e+002,
       6.07281586e-013, -6.90600281e+001, -2.26461014e-015,
       4.08002771e-002, -1.47303635e+002, -3.53825076e-014,
       3.13451557e+001, 7.16430115e-009, -2.01186035e+002,
       6.26043152e+002, 1.35475636e+001, 1.78765167e+002,
       2.03155960e+002, 1.00771550e-012, 1.06580552e-011,
       -1.11832175e-010, 1.23627053e-016, -2.86079422e-016,
       8.19463594e-012, 9.19763489e+001, -3.73599960e-008,
       -6.00476379e+001, -2.12266205e-009, 5.76594353e+000,
       1.17125946e+002, -1.60681612e-009, -6.10160370e+001,
       1.41262173e-015, 1.84587612e+001, 2.45143659e-015,
       -6.24804344e+001, -6.65600281e+001, 2.08773148e+002,
       3.99214658e-014, -9.43581782e-008, 1.61532056e-013,
       -9.16571506e-012, -5.00699895e-015, -2.72665896e-013,
       -3.73060265e+001, 1.21284688e-012, 1.38831558e+002,
       -8.74837838e-008, -2.87970062e+002, -8.35244522e+001,
       -1.11700254e-012, 1.11553566e+002, -3.33700290e-009,
       3.80339699e+001, -1.30880408e-015, -2.40159241e+002,
       -1.00038033e+002, 4.70210754e+002, 2.99438183e-011,
       8.09418332e-015, 1.42877745e-012, 4.01538891e-008,
       -3.16206936e-008, 1.50773400e-016, -2.00108444e+002,
       6.74811457e-011, 1.95836484e+000, -8.92937418e-018,
       1.90526337e+002, -2.46063644e+002, 2.97477543e-001,
       3.39587555e+001, -4.73557993e-009, -3.47880035e+002,
       1.83180615e-018, -2.05004368e+001, -1.03344841e+002,
       1.89308350e+002, -4.48440914e-017, 5.13998739e-012,
       -2.27795278e-012, -8.34840281e-014, 7.37390904e-009,
       2.87592901e-011, 5.44107666e+001, -3.44300477e-010,
       -1.37048843e+002, -6.81464041e-009, -1.78185638e+002,
       8.66032715e+002, 1.05023295e-001, -1.46808376e+001,
       -2.81280867e-011, -7.80928345e+001, 1.89391905e-012,
       8.87423630e+001, -2.39947632e+002, -1.40672424e+002,
