%YAML:1.0
vocabulary: !!opencv-matrix
   rows: 3
   cols: 128
   dt: f
   data: [ 21., 4., 7., 59., 77., 7., 19., 23., 36., 10., 12., 41., 41.,
       7., 31., 53., 28., 31., 20., 13., 41., 61., 40., 12., 27., 20.,
       23., 27., 18., 15., 26., 20., 35., 15., 15., 47., 108., 53., 25.,
       17., 65., 41., 68., 50., 66., 46., 65., 44., 55., 50., 74., 47.,
       88., 45., 64., 39., 41., 29., 41., 33., 44., 28., 34., 21., 36.,
       23., 38., 71., 75., 40., 11., 15., 34., 36., 58., 42., 58., 57.,
       54., 23., 17., 26., 57., 54., 48., 23., 49., 40., 10., 28., 23.,
       11., 18., 14., 20., 8., 108., 21., 57., 75., 14., 22., 5., 18.,
       100., 44., 45., 84., 43., 108., 57., 70., 12., 45., 29., 44.,
       108., 22., 48., 92., 7., 42., 40., 4., 14., 8., 11., 8.,
       3.52000008e+001, 1.62000008e+001, 2.33999996e+001, 20.,
       2.32000008e+001, 1.66000004e+001, 2.62000008e+001, 33.,
       4.62000008e+001, 2.23999996e+001, 33., 2.48000011e+001, 20.,
       2.38000011e+001, 4.66000023e+001, 57., 2.33999996e+001,
       2.92000008e+001, 38., 2.46000004e+001, 5.17999992e+001, 68.,
       5.24000015e+001, 2.68000011e+001, 2.28000011e+001,
       2.66000004e+001, 1.86000004e+001, 12., 3.16000004e+001,
       3.12000008e+001, 2.16000004e+001, 1.54000006e+001,
       5.12000008e+001, 2.83999996e+001, 26., 2.66000004e+001,
       3.62000008e+001, 34., 3.54000015e+001, 40., 7.38000031e+001,
       4.52000008e+001, 6.45999985e+001, 5.82000008e+001, 41.,
       4.36000023e+001, 5.92000008e+001, 6.34000015e+001,
       4.37999992e+001, 5.92000008e+001, 7.84000015e+001,
       5.24000015e+001, 8.04000015e+001, 7.94000015e+001, 74.,
       5.16000023e+001, 3.42000008e+001, 3.02000008e+001, 23.,
       2.86000004e+001, 6.32000008e+001, 38., 24., 25., 45.,
       3.24000015e+001, 2.16000004e+001, 2.93999996e+001,
       2.92000008e+001, 3.18000011e+001, 3.18000011e+001, 27.,
       6.14000015e+001, 5.52000008e+001, 5.82000008e+001,
       4.66000023e+001, 4.14000015e+001, 55., 5.67999992e+001,
       4.47999992e+001, 41., 5.02000008e+001, 8.44000015e+001,
       6.54000015e+001, 5.76000023e+001, 53., 7.08000031e+001,
       5.92000008e+001, 25., 1.63999996e+001, 17., 3.97999992e+001, 53.,
       3.37999992e+001, 2.23999996e+001, 2.56000004e+001,
       3.13999996e+001, 30., 1.34000006e+001, 1.86000004e+001,
       1.72000008e+001, 2.53999996e+001, 20., 19., 4.96000023e+001,
       4.97999992e+001, 3.44000015e+001, 34., 4.16000023e+001, 65., 44.,
       3.26000023e+001, 3.46000023e+001, 4.06000023e+001,
       4.54000015e+001, 5.14000015e+001, 4.92000008e+001,
       4.04000015e+001, 4.24000015e+001, 6.04000015e+001,
       1.51999998e+001, 1.21999998e+001, 1.11999998e+001, 35.,
       3.42000008e+001, 2.16000004e+001, 3.08000011e+001,
       3.54000015e+001, 35., 8.50000000e+000, 5.75000000e+000,
       2.02500000e+001, 3.37500000e+001, 8., 11., 2.27500000e+001,
       3.82500000e+001, 2.17500000e+001, 3.72500000e+001,
       3.32500000e+001, 2.62500000e+001, 2.52500000e+001,
       5.65000000e+001, 5.02500000e+001, 26., 3.57500000e+001,
       4.17500000e+001, 2.62500000e+001, 3.92500000e+001, 54.,
       5.07500000e+001, 1.82500000e+001, 4.52500000e+001, 25.,
       7.25000000e+000, 11., 2.45000000e+001, 2.27500000e+001,
       8.50000000e+000, 9.75000000e+000, 60., 2.35000000e+001, 14.,
       1.65000000e+001, 5.55000000e+001, 2.85000000e+001,
       1.62500000e+001, 2.15000000e+001, 76., 4.87500000e+001,
       8.75000000e+001, 73., 5.82500000e+001, 5.67500000e+001,
       7.35000000e+001, 72., 53., 5.62500000e+001, 94., 6.32500000e+001,
       7.15000000e+001, 7.17500000e+001, 8.35000000e+001, 61.,
       6.75000000e+001, 2.37500000e+001, 2.27500000e+001,
       2.37500000e+001, 48., 2.97500000e+001, 1.92500000e+001,
       3.45000000e+001, 2.95000000e+001, 18., 22., 1.47500000e+001,
       1.95000000e+001, 2.12500000e+001, 1.82500000e+001, 22.,
       5.57500000e+001, 4.65000000e+001, 76., 6.45000000e+001,
       5.67500000e+001, 6.52500000e+001, 6.55000000e+001,
       5.07500000e+001, 5.05000000e+001, 4.82500000e+001,
       9.27500000e+001, 8.07500000e+001, 5.45000000e+001,
       4.12500000e+001, 85., 6.67500000e+001, 5.75000000e+001, 39.,
       2.15000000e+001, 2.55000000e+001, 4.47500000e+001,
       1.67500000e+001, 2.92500000e+001, 34., 2.22500000e+001,
       8.75000000e+000, 3.57500000e+001, 1.72500000e+001,
       5.25000000e+000, 5.50000000e+000, 4.25000000e+000,
       1.15000000e+001, 4.25000000e+001, 1.42500000e+001, 39.,
       3.87500000e+001, 31., 5.17500000e+001, 2.65000000e+001, 28., 16.,
       1.72500000e+001, 2.55000000e+001, 5.57500000e+001,
       2.72500000e+001, 20., 39., 68., 2.02500000e+001, 4.37500000e+001,
       2.85000000e+001, 2.15000000e+001, 29., 1.12500000e+001,
       1.05000000e+001, 2.35000000e+001 ]
