%YAML:1.0
reducer: !!opencv-matrix
   rows: 128
   cols: 20
   dt: f
   data: [ 8.18553474e-003, -2.87831458e-003, 1.79460034e-001,
       -6.70619607e-002, -1.98280543e-001, 1.38736218e-001,
       -2.79867072e-002, -2.34029070e-002, -1.86711267e-001,
       1.21368617e-001, 4.94104438e-002, 6.58333823e-002,
       -3.93028669e-002, -1.48888305e-001, 4.05159332e-002,
       -7.68261105e-002, -1.03458174e-001, -2.56886128e-002,
       6.79237321e-002, -1.20702080e-001, 1.49538219e-002,
       -1.07181519e-002, 8.23983774e-002, -3.80534455e-002,
       -2.38846857e-002, 4.16368209e-002, 3.73636670e-002,
       3.11086159e-002, 1.60461050e-002, 4.61827703e-002,
       6.81334287e-002, 7.49495775e-002, -3.03949858e-003,
       -2.18150131e-002, -6.67599142e-002, 5.27942088e-003,
       4.58075578e-004, 5.47627583e-002, -4.45745187e-003,
       -8.24686661e-002, 2.19210945e-002, -1.18831135e-002,
       7.25274608e-002, 2.04661803e-004, -8.67615361e-003,
       -3.11509240e-003, -1.76624078e-002, -4.90958132e-002,
       8.68884474e-003, -1.39722079e-002, 9.36073586e-002,
       5.76908179e-002, 3.16297039e-002, 5.91502432e-003,
       -3.52246463e-002, 3.41640338e-002, 2.78169978e-002,
       6.46608025e-002, -1.09652681e-002, -3.34609896e-002,
       -2.46621370e-002, -2.62703784e-002, 1.23377480e-001,
       3.50896604e-002, -4.84537184e-002, -5.30569889e-002,
       -4.99117114e-002, -4.54589315e-002, -8.11200663e-002,
       8.03729296e-002, 1.00723619e-003, 1.13836238e-002,
       1.22119628e-001, 7.07021579e-002, 8.54362920e-002,
       3.09865363e-002, 6.62066117e-002, 4.22453657e-002,
       -6.99265450e-002, 7.70763587e-003, -1.02842525e-001,
       5.21399714e-002, 2.15258509e-001, 1.71023801e-001,
       -1.56721234e-001, -4.53112982e-002, -1.22272469e-001,
       -3.21833789e-002, -1.26574278e-001, 1.54780000e-001,
       -1.16384163e-001, 1.32362228e-002, -1.47912368e-001,
       5.13203219e-002, -1.96002617e-001, 9.85710546e-002,
       8.88393596e-002, 1.28769323e-001, 1.10699549e-001,
       2.69216131e-002, -6.72408426e-003, -5.41570550e-003,
       1.01032108e-001, 1.18062710e-002, -3.21676023e-002,
       3.07793263e-002, -4.28700994e-004, 1.99860521e-002,
       3.69669460e-002, 6.50657862e-002, 2.52079647e-002,
       7.43359253e-002, -6.36287853e-002, -2.69256402e-002,
       -8.20610598e-002, 5.13501577e-002, -1.16322562e-002,
       4.56384197e-002, -4.03934196e-002, -1.25052687e-002,
       9.80492495e-003, -3.53300869e-002, 8.28453749e-002,
       -2.05513295e-002, 4.31644171e-003, -1.27576583e-003,
       1.15203392e-002, -3.81798409e-002, 2.99611650e-002,
       1.11351339e-002, 1.58050895e-001, 6.72759116e-002,
       -2.20370502e-003, -2.06652842e-002, 2.93330522e-003,
       -1.30359139e-002, 4.00273465e-002, 3.94559167e-002,
       -2.93174703e-002, -1.61025096e-002, 8.45120195e-003,
       -6.02032430e-002, 1.09511301e-001, -6.35882020e-002,
       -1.63209159e-002, 2.78556217e-002, 1.85637549e-002,
       -7.74837509e-002, -5.38267419e-002, 4.26418334e-002,
       1.38856918e-001, 3.48751917e-002, 3.07528991e-002,
       3.28465481e-003, 1.04444861e-001, -2.85727456e-002,
       5.80248721e-002, 9.60517768e-003, -3.92266139e-002,
       -2.38364730e-002, 4.73402068e-002, 2.85068937e-002,
       -5.88981621e-002, 1.47253638e-002, -9.58964452e-002,
       6.30021766e-002, -8.20133835e-002, -1.88075732e-002,
       5.64105101e-002, 2.15743288e-001, 6.05286658e-002,
       -4.55544665e-002, -1.39189661e-001, 9.51027684e-003,
       5.73004298e-002, 4.66887001e-003, -1.67923383e-002,
       -5.91681376e-002, 3.82152833e-002, 5.62322736e-002,
       4.49482799e-002, -2.59580817e-002, 3.46850567e-002,
       -2.04335619e-002, -8.34450405e-003, 7.00931996e-002,
       1.89331807e-002, 8.89377519e-002, 2.86850315e-002,
       1.22320972e-001, -2.99046598e-002, 2.37423312e-002,
       -2.78872307e-002, -3.89121659e-003, -8.39662328e-002,
       1.02703743e-001, -9.98167321e-003, 5.99026754e-002,
       -4.03341539e-002, -7.18947724e-002, 6.86013773e-002,
       -5.39472587e-002, 8.20001513e-002, -5.42283021e-002,
       1.29079744e-002, 8.93510953e-002, -1.25438452e-001,
       5.59514649e-002, -7.61235431e-002, -4.99683013e-003,
       -3.37494817e-003, 1.12108804e-001, 2.92574205e-002,
       -7.21633136e-002, -7.82826915e-002, 1.52610451e-001,
       6.52714446e-002, -7.33139887e-002, -1.06396988e-001,
       -1.16899163e-001, 7.49085331e-003, 1.87539253e-002,
       -2.72230171e-002, -1.42860450e-002, 1.97393876e-002,
       -6.09513074e-002, -1.96771488e-001, -8.62318948e-002,
       -4.78252843e-002, 1.19990613e-002, 9.52857286e-002,
       2.01333947e-002, 2.52197176e-001, -3.07816919e-002,
       3.25448401e-002, -1.55382752e-001, 3.95346880e-002,
       -1.41296968e-001, -1.41676486e-001, 2.11250037e-002,
       -8.77955556e-003, 9.39922854e-002, -4.29527946e-002,
       6.38601035e-002, 2.75973994e-002, -2.78529394e-002,
       -2.65522212e-001, -5.52829020e-002, 1.39700815e-001,
       5.47151342e-002, 1.45294577e-001, 2.23823600e-002,
       2.02130955e-002, -7.31461123e-002, 3.58664356e-002,
       -9.98406857e-002, 1.93918217e-002, -9.76644456e-002,
       -1.30524382e-001, 5.39711304e-002, 2.56489627e-002,
       -1.80804655e-002, 3.76479104e-002, 2.22403128e-002,
       1.96946110e-003, 8.46275091e-002, -9.07824337e-002,
       3.23800370e-002, 8.33554491e-002, 7.05713183e-002,
       1.10454857e-001, 4.66970494e-003, -7.83902332e-002,
       -1.17699884e-001, 5.62578514e-002, 4.74093482e-002,
       3.45527567e-002, 5.44147938e-002, -5.78261130e-002,
       5.76937310e-002, 3.42584737e-002, -1.07021265e-001,
       3.09381727e-002, -3.19932550e-002, -7.61367148e-003,
       8.00536796e-002, -6.99141100e-002, -4.98419302e-003,
       -2.24012379e-002, 1.31963538e-002, 1.01810515e-001,
       3.53542552e-003, 1.03055416e-002, -9.32809114e-002,
       3.61155458e-002, 2.50290725e-002, 1.20852582e-001,
       1.25823483e-001, -1.02433138e-001, 1.16170131e-001,
       3.78507450e-002, -3.86988558e-002, -7.66902640e-002,
       -4.02023792e-002, 3.51083279e-003, 2.24628542e-002,
       -5.40230013e-002, -9.20751616e-002, -7.98605251e-005,
       8.81743208e-002, 1.11298069e-001, -8.40331912e-002,
       1.50013808e-002, -2.25143284e-002, 1.19974792e-001,
       -1.12889111e-002, -3.30214947e-002, 8.35773125e-002,
       -7.73538053e-002, 2.03514740e-001, -5.67799620e-002,
       -3.63582447e-002, 7.23484457e-002, 8.36338252e-002,
       -1.92065183e-002, -1.07507063e-002, -8.28213170e-002,
       2.88370401e-001, -9.66357365e-002, 1.41219050e-001,
       -6.29741466e-004, -8.11907127e-002, 1.39448330e-001,
       -1.42816231e-001, 6.25692680e-002, -7.33605027e-002,
       3.33278440e-002, 1.69724837e-001, -2.14523338e-002,
       -3.43166515e-002, 1.83393080e-002, 1.18254311e-003,
       1.16832638e-002, 6.02181517e-002, 3.41097824e-002,
       -7.91929010e-003, -6.58062547e-002, 1.16144031e-001,
       -9.78287011e-002, 4.19873148e-002, -7.02603087e-002,
       -2.22768001e-002, 2.92233229e-001, -1.05029736e-002,
       1.83423031e-002, 6.14688136e-002, -1.38373837e-001,
       2.19237488e-002, -7.77196363e-002, -1.28323406e-001,
       1.09313518e-001, 6.02588765e-002, 1.78737510e-002,
       -1.76369529e-002, 8.14796537e-002, 1.02051832e-001,
       -8.29388276e-002, 6.76342994e-002, -2.64242068e-002,
       4.78307121e-002, -9.84996185e-002, 1.21989138e-001,
       9.53839570e-002, -9.06260870e-003, -2.82916669e-002,
       2.09118739e-001, 2.67521795e-002, -2.41806164e-001,
       -5.96053787e-002, -1.69547454e-001, 5.89161068e-002,
       4.39816574e-003, -2.98951729e-003, -4.72145341e-002,
       7.19826843e-004, 4.76522259e-002, -4.63214777e-002,
       5.02940863e-002, 2.04704255e-002, 7.42781609e-002,
       3.13368104e-002, 3.10731735e-002, -3.63783985e-002,
       -1.80909447e-002, -3.76187526e-002, 1.41754718e-002,
       2.09420566e-002, -1.03357516e-001, -4.38027270e-002,
