%YAML:1.0
reducer: !!opencv-matrix
   rows: 128
   cols: 20
   dt: f
   data: [ 7.24856835e-003, -2.82829744e-003, 1.82954475e-001,
       -7.65180588e-002, -1.91489473e-001, -1.38050795e-001,
       -2.93957051e-002, -2.01742072e-002, -2.07810909e-001,
       8.31702352e-002, 2.96921991e-002, 7.18823597e-002,
       -3.75600681e-002, 1.43793866e-001, 5.24047986e-002,
       -8.15119147e-002, 1.07265338e-001, -1.38712563e-002,
       -7.66296983e-002, 1.03599578e-001, 1.56710669e-002,
       -1.04671596e-002, 8.43615755e-002, -4.09132466e-002,
       -1.72405746e-002, -3.75526324e-002, 2.83334386e-002,
       3.23375650e-002, 4.06959048e-003, 4.63223159e-002,
       4.39003147e-002, 9.06279534e-002, -4.89344122e-003,
       2.27440223e-002, -6.38960078e-002, 5.49606560e-003,
       5.31319855e-003, 6.18459508e-002, -1.92214688e-003,
       8.00329819e-002, 2.22079586e-002, -1.17879463e-002,
       7.33850226e-002, -4.72200016e-004, -6.19673543e-003,
       4.93811024e-003, -1.67653803e-002, -5.24416044e-002,
       6.17885217e-003, -1.52808102e-002, 7.25460127e-002,
       7.97821507e-002, 2.76737157e-002, -3.63909453e-003,
       -3.69696356e-002, 3.57742496e-002, -2.42260396e-002,
       6.66420460e-002, 1.19293295e-002, 3.13653499e-002,
       -2.42309961e-002, -2.66647656e-002, 1.23593822e-001,
       3.59920226e-002, -4.86932285e-002, 5.37655763e-002,
       -4.55792136e-002, -4.98486906e-002, -9.72305834e-002,
       6.22573085e-002, 3.37607414e-003, 5.16153453e-003,
       1.24915928e-001, -6.94694221e-002, 7.85431042e-002,
       3.11487205e-002, -6.82195574e-002, 4.16602939e-002,
       7.01947436e-002, 3.57823097e-003, -1.02486208e-001,
       5.11171818e-002, 2.16374129e-001, 1.69556648e-001,
       -1.62104458e-001, 4.03017327e-002, -1.10730633e-001,
       -4.17605676e-002, -1.54912367e-001, 1.27377331e-001,
       -1.25454813e-001, -2.44210586e-002, -1.41097009e-001,
       -5.11509031e-002, -1.86687335e-001, 1.00176975e-001,
       -7.12490976e-002, 1.44697964e-001, -1.09584652e-001,
       -7.56351650e-002, -6.38100179e-003, -5.35211293e-003,
       1.03007928e-001, 7.97641836e-003, -2.78855003e-002,
       -2.96306405e-002, -4.25173435e-003, 1.63286086e-002,
       2.01052278e-002, 6.81586638e-002, -4.80862428e-003,
       7.92888626e-002, -6.62195534e-002, 2.82506067e-002,
       -7.99871460e-002, 5.23091815e-002, 1.44908875e-002,
       4.40981053e-002, 4.30196114e-002, 5.39073860e-003,
       9.91794374e-003, -3.52855287e-002, 8.37624297e-002,
       -2.19389983e-002, 8.56202282e-003, 3.80472327e-003,
       9.79009457e-003, -4.04410474e-002, 2.13691611e-002,
       1.26730520e-002, 1.28361225e-001, 1.10008240e-001,
       -1.08271502e-002, 2.22464893e-002, -9.47569089e-004,
       -1.11750346e-002, -4.06874195e-002, 3.91529799e-002,
       3.80737707e-002, 8.40776041e-003, 7.51370424e-003,
       -6.04286343e-002, 1.09564312e-001, -6.48806170e-002,
       -1.21004386e-002, -2.55340878e-002, 1.94936916e-002,
       -7.46631473e-002, -6.40769079e-002, 2.97742076e-002,
       1.27138078e-001, 7.10468590e-002, 2.69803423e-002,
       -5.00526791e-003, 1.00233182e-001, -2.75480617e-002,
       -6.10403642e-002, 1.03173628e-002, 4.02580835e-002,
       2.60082800e-002, 4.87585478e-002, 2.91620940e-002,
       -5.69854453e-002, 1.25099439e-002, -9.62525383e-002,
       -6.18380569e-002, -8.36202428e-002, -2.49441322e-002,
       1.52643984e-002, 2.22643644e-001, 6.56092241e-002,
       -1.83081739e-002, -1.43451259e-001, -1.34057356e-002,
       5.67790121e-002, 6.05001440e-003, 1.18390517e-002,
       -6.65697679e-002, -2.27355156e-002, -8.50150138e-002,
       4.58994620e-002, -2.55037844e-002, 3.63323726e-002,
       -2.26598568e-002, -3.34042357e-003, -6.60318360e-002,
       6.42359396e-003, 8.97237137e-002, 6.40693353e-003,
       1.26151964e-001, -3.48846652e-002, 1.63448602e-002,
       -2.58062277e-002, 4.35737241e-003, -7.94380456e-002,
       1.03910297e-001, 1.65831298e-002, 6.09367564e-002,
       2.52067689e-002, 8.90796855e-002, 6.90864995e-002,
       -5.33761829e-002, 8.39686617e-002, -5.74845858e-002,
       2.01152861e-002, -8.29289183e-002, -1.33017600e-001,
       4.14644778e-002, -8.30987617e-002, -2.51241587e-002,
       -4.61960584e-002, 9.47390124e-002, 2.83373017e-002,
       7.78075010e-002, -7.70036653e-002, 1.45697102e-001,
       -6.82867914e-002, -6.37583956e-002, 7.67219588e-002,
       1.54279858e-001, 7.89088942e-003, 1.85764935e-002,
       -2.91096680e-002, -7.45515013e-003, 1.66808367e-002,
       6.61555752e-002, -1.90525383e-001, -1.03473365e-001,
       -5.58454096e-002, -1.21864385e-003, 9.10874754e-002,
       4.17004637e-002, 2.44218692e-001, 3.85214724e-002,
       2.10640654e-002, -1.58811420e-001, -5.40117770e-002,
       -1.44152448e-001, 1.20040923e-001, 4.73180041e-002,
       -7.67996162e-003, 9.39622521e-002, -4.36426736e-002,
       6.95425197e-002, 2.39542872e-002, 3.35329287e-002,
       -2.62738079e-001, -8.34837556e-002, 1.17548622e-001,
       7.39503503e-002, 1.21375643e-001, 6.87651187e-002,
       5.10389637e-003, 7.70323351e-002, 2.69039217e-002,
       -9.96562764e-002, -3.30186449e-002, -1.08307861e-001,
       1.33882657e-001, -5.02435081e-002, 2.68549453e-002,
       -1.77754909e-002, 3.89833786e-002, 2.12526228e-002,
       5.04936511e-003, -7.96250552e-002, -9.93584841e-002,
       2.25797184e-002, 6.52428046e-002, 8.26981366e-002,
       9.64498222e-002, 4.17751633e-002, -8.79006311e-002,
       1.16128109e-001, 5.68419993e-002, 5.02912104e-002,
       -3.55540216e-002, 4.71745245e-002, 7.46334121e-002,
       -8.90116468e-002, 3.43685038e-002, -1.06961504e-001,
       3.06502823e-002, -3.21381465e-002, -6.03476306e-003,
       -7.66227320e-002, -7.34708086e-002, -8.41574278e-003,
       -2.55337656e-002, 8.11092835e-003, 9.66079012e-002,
       3.53887901e-002, 2.95426976e-003, 9.31352526e-002,
       3.49780917e-002, 3.07607632e-002, -1.17743172e-001,
       1.20366178e-001, 1.10487111e-001, -1.20726138e-001,
       3.83161455e-002, -3.84188332e-002, -7.74709880e-002,
       -3.81390601e-002, 2.36667949e-003, -2.07286216e-002,
       -5.00363223e-002, -9.39707160e-002, -1.61981694e-002,
       8.69824737e-002, 1.34404123e-001, -4.46442887e-002,
       8.04626755e-003, 2.05767099e-002, 1.15279377e-001,
       -5.09481039e-003, 2.99097020e-002, 6.12688698e-002,
       9.96178165e-002, -1.96332201e-001, -5.56171946e-002,
       -3.70441116e-002, 7.11705312e-002, 8.87439996e-002,
       -2.17135716e-002, 1.71879716e-002, -1.06050335e-001,
       2.84697443e-001, -1.13113984e-001, 1.25856966e-001,
       2.93524787e-002, -6.93086609e-002, 1.33033514e-001,
       1.43849462e-001, 6.20143600e-002, -6.85118809e-002,
       -2.74183378e-002, 1.69798702e-001, 4.25260365e-002,
       5.93035296e-003, 1.88957248e-002, 1.01680157e-003,
       1.04187746e-002, 6.51858300e-002, 3.10897231e-002,
       1.14620496e-002, -7.47943744e-002, 1.13722272e-001,
       -9.96939093e-002, 2.57153343e-002, -4.47712205e-002,
       -4.44129035e-002, 2.95663834e-001, 1.57457702e-002,
       1.53023079e-002, 6.04726784e-002, 1.37413979e-001,
       1.33855147e-002, 6.11577444e-002, 1.71567947e-001,
       1.09828435e-001, 6.12510443e-002, 2.02571414e-002,
       -2.02962589e-002, 8.83864984e-002, -9.61740613e-002,
       -9.23804194e-002, 5.50556518e-002, -4.30235341e-002,
       3.67826074e-002, -1.34700671e-001, 7.50440285e-002,
       1.01998389e-001, 1.47497579e-002, -2.89208926e-002,
       1.96173310e-001, -3.84858176e-002, -2.30077729e-001,
       2.26316247e-002, 2.05115423e-001, 5.98014295e-002,
       5.09469071e-003, -1.07942836e-003, -4.94793989e-002,
       6.14264002e-003, -4.27882895e-002, -5.47304638e-002,
       4.27032337e-002, 1.60913286e-003, 7.38004893e-002,
       1.26300361e-002, 3.61435488e-002, -3.98824923e-002,
       2.09103897e-002, -3.87543663e-002, 8.62265844e-003,
       -2.68724803e-002, -9.53756273e-002, 2.93124113e-002,
