%YAML:1.0
vocabulary: !!opencv-matrix
   rows: 40
   cols: 128
   dt: f
   data: [ 33., 9.66666698e+000, 8., 2.66666679e+001, 3.73333359e+001,
       7., 9.33333397e+000, 1.83333340e+001, 3.43333359e+001,
       1.46666670e+001, 2.96666679e+001, 3.66666679e+001,
       3.03333340e+001, 27., 4.93333359e+001, 4.73333359e+001,
       2.03333340e+001, 30., 33., 19., 3.16666679e+001, 5.63333359e+001,
       5.53333359e+001, 1.63333340e+001, 72., 40., 9., 12.,
       3.26666679e+001, 2.36666679e+001, 11., 23., 6.73333359e+001, 23.,
       15., 2.63333340e+001, 63., 29., 14., 1.73333340e+001,
       7.96666718e+001, 3.96666679e+001, 85., 7.16666718e+001,
       6.76666718e+001, 5.96666679e+001, 7.03333359e+001,
       6.46666718e+001, 4.43333359e+001, 6.23333359e+001, 95., 46.,
       6.86666718e+001, 65., 8.86666718e+001, 56., 9.76666718e+001,
       3.16666679e+001, 17., 20., 5.96666679e+001, 30., 2.43333340e+001,
       46., 3.16666679e+001, 23., 14., 1.73333340e+001, 2.23333340e+001,
       24., 1.36666670e+001, 9.66666698e+000, 4.16666679e+001,
       4.66666679e+001, 74., 59., 4.83333359e+001, 5.56666679e+001,
       6.63333359e+001, 4.46666679e+001, 5.03333359e+001, 53.,
       8.46666718e+001, 5.56666679e+001, 4.13333359e+001,
       4.46666679e+001, 7.43333359e+001, 56., 73., 22., 1.36666670e+001,
       1.83333340e+001, 3.36666679e+001, 16., 13., 40., 3.03333340e+001,
       1.36666670e+001, 2.36666679e+001, 22., 11., 1.16666670e+001,
       1.23333340e+001, 13., 6.86666718e+001, 22., 3.63333359e+001,
       4.76666679e+001, 3.26666679e+001, 80., 3.43333359e+001,
       2.46666679e+001, 2.66666679e+001, 32., 3.46666679e+001,
       3.13333340e+001, 3.96666679e+001, 2.86666679e+001,
       4.23333359e+001, 89., 37., 52., 20., 1.53333340e+001,
       6.06666679e+001, 18., 4.33333349e+000, 2.56666679e+001,
       2.70000019e+001, 8.85714340e+000, 8.57142925e+000,
       2.42857151e+001, 4.82857170e+001, 1.34285717e+001,
       1.22857151e+001, 1.44285717e+001, 3.47142868e+001,
       2.17142868e+001, 4.11428604e+001, 4.31428604e+001,
       3.65714302e+001, 1.98571434e+001, 4.85714302e+001, 40.,
       2.05714302e+001, 4.35714302e+001, 4.62857170e+001,
       1.84285717e+001, 3.41428604e+001, 4.24285736e+001,
       5.31428604e+001, 1.94285717e+001, 4.37142868e+001,
       3.00000019e+001, 8.85714340e+000, 8.42857170e+000,
       2.67142868e+001, 2.85714302e+001, 1.57142868e+001,
       1.28571434e+001, 5.35714302e+001, 3.17142868e+001,
       2.48571434e+001, 2.24285717e+001, 8.71428604e+001,
       3.02857151e+001, 1.61428585e+001, 1.74285717e+001,
       6.64285736e+001, 4.92857170e+001, 7.08571472e+001,
       4.34285736e+001, 6.82857208e+001, 5.15714302e+001,
       5.88571472e+001, 5.04285736e+001, 4.37142868e+001,
       5.81428604e+001, 6.97142868e+001, 3.64285736e+001,
       5.25714302e+001, 5.37142868e+001, 6.85714340e+001,
       4.31428604e+001, 66., 4.11428604e+001, 2.27142868e+001,
       2.01428585e+001, 4.84285736e+001, 37., 2.01428585e+001,
       2.78571434e+001, 4.02857170e+001, 3.22857170e+001,
       4.01428604e+001, 3.64285736e+001, 4.77142868e+001,
       2.71428585e+001, 1.28571434e+001, 1.15714293e+001,
       5.78571472e+001, 6.98571472e+001, 6.18571472e+001,
       5.52857170e+001, 4.94285736e+001, 5.74285736e+001,
       4.60000038e+001, 2.78571434e+001, 4.47142868e+001,
       5.88571472e+001, 7.17142868e+001, 4.40000038e+001,
       4.95714302e+001, 4.30000038e+001, 6.35714302e+001,
       5.64285736e+001, 4.91428604e+001, 6.42857208e+001,
       4.30000038e+001, 2.04285717e+001, 7.02857208e+001,
       4.52857170e+001, 2.37142868e+001, 3.55714302e+001,
       1.48571434e+001, 1.27142859e+001, 1.75714302e+001,
       2.65714302e+001, 2.02857151e+001, 1.02857151e+001,
       4.28571463e+000, 4.71428585e+000, 6.44285736e+001,
       6.25714302e+001, 1.87142868e+001, 3.02857151e+001,
       2.08571434e+001, 5.04285736e+001, 2.11428585e+001,
       1.18571434e+001, 6.74285736e+001, 6.88571472e+001, 35.,
       4.05714302e+001, 7.12857208e+001, 4.97142868e+001,
       4.01428604e+001, 4.84285736e+001, 3.85714302e+001,
       4.02857170e+001, 21., 1.14285717e+001, 7.17142868e+001,
       3.74285736e+001, 1.08571434e+001, 2.02857151e+001, 12.,
       3.66666675e+000, 6., 20., 23., 8.66666698e+000, 8.66666698e+000,
       19., 2.66666679e+001, 1.26666670e+001, 4.56666679e+001,
       9.16666718e+001, 7.03333359e+001, 2.26666679e+001,
       2.63333340e+001, 3.86666679e+001, 2.06666679e+001,
       4.43333359e+001, 7.33333359e+001, 3.06666679e+001,
       2.03333340e+001, 44., 5.33333359e+001, 2.63333340e+001,
       4.16666679e+001, 7.93333359e+001, 2.56666679e+001, 7.,
       1.76666679e+001, 2.13333340e+001, 1.56666670e+001,
       7.66666698e+000, 12., 5.66666698e+000, 1.96666679e+001,
       1.63333340e+001, 5.46666679e+001, 9.33333397e+000, 8.,
       6.33333349e+000, 63., 30., 5.43333359e+001, 6.66666718e+001,
       1.02333336e+002, 51., 52., 5.03333359e+001, 3.73333359e+001, 56.,
       7.56666718e+001, 2.96666679e+001, 4.06666679e+001,
       5.63333359e+001, 8.53333359e+001, 5.86666679e+001,
       8.86666718e+001, 38., 1.93333340e+001, 17., 5.66666679e+001, 36.,
       30., 4.16666679e+001, 8., 7.66666698e+000, 2.73333340e+001,
       7.33333349e+000, 36., 2.33333340e+001, 2.53333340e+001,
       4.66666698e+000, 3.23333359e+001, 29., 72., 44., 80., 67.,
       5.66666679e+001, 3.56666679e+001, 4.03333359e+001,
       5.36666679e+001, 9.56666718e+001, 4.46666679e+001,
       3.33333359e+001, 4.13333359e+001, 64., 51., 6.83333359e+001,
       4.53333359e+001, 3.86666679e+001, 2.46666679e+001,
       3.73333359e+001, 24., 2.56666679e+001, 6.76666718e+001,
       7.66666698e+000, 7.66666698e+000, 7., 17., 1.33333340e+001,
       1.86666679e+001, 1.46666670e+001, 5., 3.33333359e+001,
       2.33333340e+001, 3.73333359e+001, 5.93333359e+001,
       7.86666718e+001, 73., 3.86666679e+001, 3.06666679e+001, 29.,
       3.53333359e+001, 56., 3.33333359e+001, 2.96666679e+001,
       3.93333359e+001, 50., 65., 4.66666679e+001, 48., 2.83333340e+001,
       3.13333340e+001, 3.16666679e+001, 23., 2.16666679e+001,
       5.23333359e+001, 2.05000000e+001, 3.50000000e+000, 2.,
       5.50000000e+000, 5., 3.50000000e+000, 3.50000000e+000, 15., 49.,
       19., 21., 18., 10., 17., 66., 56., 9., 11., 1.95000000e+001,
       1.45000000e+001, 5.55000000e+001, 61., 43., 11., 7.50000000e+000,
       3., 1., 3.50000000e+000, 1.65000000e+001, 7.50000000e+000, 2.,
       1.50000000e+000, 46., 1.75000000e+001, 6.50000000e+000, 6., 10.,
       18., 18., 27., 90., 6.55000000e+001, 7.35000000e+001,
       4.75000000e+001, 3.45000000e+001, 5.25000000e+001,
       7.25000000e+001, 5.65000000e+001, 32., 45., 63., 59., 102.,
       5.65000000e+001, 58., 36., 7.50000000e+000, 1.50000000e+000, 2.,
       11., 29., 6., 5., 9., 24., 2.35000000e+001, 3.25000000e+001,
       2.95000000e+001, 2.35000000e+001, 23., 31., 61., 7.55000000e+001,
       92., 9.15000000e+001, 57., 56., 9.85000000e+001, 7.25000000e+001,
       4.35000000e+001, 29., 5.35000000e+001, 6.65000000e+001,
       5.95000000e+001, 98., 5.15000000e+001, 5.65000000e+001, 46.,
       4.50000000e+000, 7.50000000e+000, 5., 7.50000000e+000,
       1.65000000e+001, 12., 6.50000000e+000, 2.50000000e+000, 17., 20.,
       2.15000000e+001, 39., 18., 1.35000000e+001, 7., 6.50000000e+000,
       1.00500000e+002, 9.95000000e+001, 17., 37., 8.25000000e+001,
       6.55000000e+001, 3.25000000e+001, 18., 91., 7.85000000e+001,
       1.65000000e+001, 21., 109., 72., 29., 42., 12., 18., 8., 4.,
       3.55000000e+001, 2.75000000e+001, 7.50000000e+000,
       4.50000000e+000, 2.82500000e+001, 7.50000000e+000,
       5.75000000e+000, 7., 1.37500000e+001, 4.50000000e+000,
       3.50000000e+000, 7., 2.22500000e+001, 14., 26., 1.72500000e+001,
       13., 7., 15., 2.35000000e+001, 14., 23., 3.12500000e+001,
       1.47500000e+001, 3.12500000e+001, 2.67500000e+001,
