%YAML:1.0
reducer: !!opencv-matrix
   rows: 128
   cols: 20
   dt: f
   data: [ 1.39029752e-002, -9.66742355e-003, 1.74719304e-001,
       -5.16791344e-002, -1.97091192e-001, -1.51282772e-001,
       -3.38116512e-002, -2.42212191e-002, 1.45355627e-001,
       1.77306205e-001, -8.01946670e-002, 1.55310770e-002,
       -8.84148404e-002, -1.34073108e-001, 1.49493935e-004,
       -5.93206324e-002, 7.85199851e-002, 2.31951308e-002,
       -8.73439610e-002, -1.04055978e-001, 1.68671869e-002,
       -1.35345515e-002, 8.31902176e-002, -3.56233492e-002,
       -2.74242125e-002, -4.16270271e-002, 2.76682936e-002,
       3.54589261e-002, -2.80705895e-002, 4.30863090e-002,
       -7.90770426e-002, 6.30467609e-002, 2.64322013e-002,
       -2.31988002e-002, -5.51799759e-002, 2.32826732e-002,
       -8.63085408e-003, -5.38565032e-002, -1.42001454e-002,
       -8.52293968e-002, 2.27741189e-002, -1.39580909e-002,
       7.38772303e-002, 1.26539997e-003, -1.06813880e-002,
       -1.55707705e-004, -1.38493180e-002, -5.60522154e-002,
       2.33944249e-003, -8.03374406e-003, -5.99729046e-002,
       7.54170865e-002, 6.44269511e-002, 1.78799487e-003,
       -1.30399754e-002, 3.84293534e-002, -3.02924998e-002,
       -6.28255829e-002, 4.52813087e-003, -3.58661078e-002,
       -2.31106952e-002, -2.89085731e-002, 1.20628402e-001,
       4.32635881e-002, -5.32208234e-002, 4.62412350e-002,
       -3.89378555e-002, -5.63130528e-002, 6.27740696e-002,
       1.05476283e-001, -1.69265526e-003, -5.21646068e-002,
       1.03011675e-001, 6.29720986e-002, 9.67521518e-002,
       -2.16132239e-003, -5.50343394e-002, -4.26885635e-002,
       6.81108981e-002, -8.70895851e-003, -9.34219286e-002,
       4.50709537e-002, 1.98547408e-001, 1.93457380e-001,
       -1.51334986e-001, 3.46402414e-002, -1.04781836e-001,
       -3.94680686e-002, 7.08027557e-002, 1.73856810e-001,
       -5.30679291e-003, -7.55122378e-002, -1.40629187e-001,
       7.30483681e-002, -2.04303488e-001, 2.21832842e-001,
       -7.52801150e-002, -1.00982852e-001, -4.71213870e-002,
       7.72949830e-002, -2.35484797e-003, -1.01902774e-002,
       9.53128189e-002, 1.75503269e-002, -3.24783623e-002,
       -2.84680538e-002, -5.59182465e-003, 2.51925513e-002,
       -5.88823035e-002, 4.91957776e-002, -7.76148960e-002,
       5.02411053e-002, -2.51397174e-002, -2.27895658e-002,
       -5.81034683e-002, 6.87134266e-002, 9.68848541e-003,
       -4.37920354e-002, 3.35354172e-002, -1.97924357e-002,
       9.97540820e-003, -3.69303897e-002, 8.58201161e-002,
       -2.05062460e-002, -4.15595976e-004, -5.68172487e-004,
       1.12603856e-002, -4.23429720e-002, -2.40415074e-002,
       1.29227797e-002, -7.65237510e-002, 1.44906610e-001,
       4.16026972e-002, -2.06018556e-002, 1.71441883e-002,
       -2.78645121e-002, -4.84782569e-002, -4.35329005e-002,
       1.84814725e-002, -2.43382230e-002, 8.40045419e-003,
       -6.24783747e-002, 1.12545438e-001, -6.17756434e-002,
       -2.35050879e-002, -3.02559901e-002, 1.98397897e-002,
       -7.95065165e-002, 4.72316183e-002, 6.97228163e-002,
       -4.68126796e-002, 1.00163274e-001, 3.34510244e-002,
       1.40659441e-003, 9.93102044e-002, -6.46236092e-002,
       -5.48571162e-002, -1.30382059e-002, 3.87967341e-002,
       -2.94183791e-002, 4.58658747e-002, 2.81548817e-002,
       -6.57352656e-002, 2.39645764e-002, -9.21062678e-002,
       -6.04244731e-002, -8.60534534e-002, -2.17923373e-002,
       -1.15064703e-001, 1.93086550e-001, 3.51579972e-002,
       8.84402469e-002, -1.34120598e-001, 2.48405263e-002,
       3.69580910e-002, 3.76968132e-003, 2.62016822e-002,
       6.24722838e-002, 5.64364367e-004, 8.23718607e-002,
       4.61807773e-002, -2.99210530e-002, 2.90466938e-002,
       -1.73115972e-002, -8.86906311e-003, -6.02446608e-002,
       2.48618913e-003, 1.00704089e-001, -7.06956387e-002,
       1.02647498e-001, -2.39365846e-002, -9.00714099e-003,
       -7.28916144e-003, -8.33008718e-003, -5.09228706e-002,
       1.23092465e-001, 2.09338553e-002, -5.31628504e-002,
       2.93202177e-002, -7.96710998e-002, 7.04971179e-002,
       -5.96386902e-002, 7.86297694e-002, -5.39444685e-002,
       1.05484929e-002, -7.39789009e-002, -1.36658505e-001,
       4.72725295e-002, 7.25331828e-002, 1.62791461e-002,
       -1.11468948e-001, -1.46413622e-002, 4.64751162e-002,
       -7.40833953e-002, -1.80224776e-002, 1.61646873e-001,
       -5.26353344e-002, 8.19163322e-002, 7.61823356e-002,
       -1.44153967e-001, 5.77206491e-003, 2.06625946e-002,
       -2.42206845e-002, -1.36954142e-002, 1.15804803e-002,
       6.76683262e-002, -1.83016658e-001, -1.17638402e-001,
       6.03970438e-002, 4.00686301e-002, -1.46398591e-002,
       4.87707276e-003, 2.42286891e-001, -6.37210086e-002,
       3.59577537e-002, -2.22981945e-001, -4.92403731e-002,
       1.20065749e-001, 8.60891119e-002, -3.95885892e-002,
       -1.16864285e-002, 9.82857272e-002, -3.96296158e-002,
       6.86217695e-002, 1.80670843e-002, 4.95683551e-002,
       -2.66750425e-001, -9.02271941e-002, -1.34681448e-001,
       2.81930584e-002, -3.23402323e-002, 1.16595402e-001,
       2.21632011e-002, -7.84797966e-002, 1.57395080e-002,
       -1.18726522e-001, -1.42179681e-002, 9.28513929e-002,
       1.49853647e-001, 4.17986996e-002, 2.42793020e-002,
       -1.87117942e-002, 3.85302454e-002, 2.25118715e-002,
       3.51826800e-003, -7.37252831e-002, -1.05847254e-001,
       2.27021519e-002, -9.48090926e-002, 5.12086228e-002,
       -1.74047276e-002, 1.19407937e-001, -7.07495064e-002,
       -1.03608683e-001, 6.70208856e-002, 4.05284017e-002,
       -3.39110829e-002, -5.09648062e-002, 8.61416161e-002,
       6.31081462e-002, 3.14398296e-002, -1.08437933e-001,
       3.02641876e-002, -3.38163041e-002, -4.88030817e-003,
       -7.63612762e-002, -7.57783800e-002, -1.42132118e-002,
       2.45769806e-002, 2.70325635e-002, -1.17936824e-002,
       8.67299065e-002, 1.92658640e-002, -9.00217593e-002,
       5.62316068e-002, 1.19974446e-002, -1.21040724e-001,
       -1.25170380e-001, 1.19329929e-001, 9.72003266e-002,
       3.40167098e-002, -3.66748907e-002, -7.45910630e-002,
       -4.43686917e-002, 5.91782294e-003, -2.32784059e-002,
       -4.61864360e-002, -1.00519791e-001, -1.56767424e-002,
       9.44909826e-002, 7.50935972e-002, 9.48531032e-002,
       1.42366542e-002, -2.68321689e-002, 1.25045925e-001,
       -6.93577677e-002, 3.17554660e-002, -9.53545272e-002,
       8.33653584e-002, 1.75278470e-001, -6.13411255e-002,
       -3.28316465e-002, 7.62977898e-002, 8.93038213e-002,
       -2.48469971e-002, 1.81219354e-002, -1.12971164e-001,
       2.70237654e-001, 6.57952279e-002, 1.66261420e-001,
       8.88950378e-002, -6.31968230e-002, 7.11295009e-002,
       -1.46537021e-001, 4.20746505e-002, -7.27707073e-002,
       -4.98884805e-002, -1.71876505e-001, 2.46054437e-002,
       -3.02266050e-002, 1.71647947e-002, 1.82318164e-003,
       1.47027178e-002, 5.63507602e-002, 3.75264958e-002,
       9.98649653e-003, -7.32557699e-002, 1.02651648e-001,
       9.11895186e-002, 6.94214925e-002, 4.33136113e-002,
       -1.57561377e-001, 2.45844200e-001, -4.40024137e-002,
       5.81423715e-002, 2.33383421e-002, 1.35076463e-001,
       -2.83823889e-002, 2.47495938e-002, -1.57810822e-001,
       1.13142900e-001, 5.52764684e-002, 1.81071907e-002,
       -2.44300440e-002, 8.39983299e-002, -8.13355297e-002,
       -9.78748724e-002, 6.83624670e-002, 4.13078163e-003,
       4.76016849e-002, -1.10714562e-001, -1.22377060e-001,
       8.88399035e-002, -1.75691880e-002, 4.33225334e-002,
       1.93216547e-001, 2.35594744e-005, 2.52036780e-001,
       3.08073051e-002, -1.83438078e-001, 6.05473109e-002,
       8.47668911e-004, -7.89093692e-003, -4.45759408e-002,
       -2.89158593e-003, -3.49546075e-002, -5.65972216e-002,
       5.23249470e-002, -4.45592552e-002, 6.32206276e-002,
       -3.57713625e-002, 5.04250489e-002, -5.28220041e-003,
       -2.01472491e-002, -1.69757083e-002, 1.62173295e-003,
       -1.95043404e-002, 9.98192579e-002, 5.20327780e-003,
