%YAML:1.0
vocabulary: !!opencv-matrix
   rows: 3
   cols: 128
   dt: f
   data: [ 3.66923103e+001, 1.19230776e+001, 1.04615393e+001,
       2.01538467e+001, 2.88461552e+001, 1.03076925e+001,
       1.23846159e+001, 2.26923084e+001, 4.09230766e+001,
       2.60000019e+001, 3.87692337e+001, 3.63076935e+001,
       3.00000019e+001, 3.01538467e+001, 5.03846169e+001,
       5.03846169e+001, 3.39230766e+001, 4.51538467e+001,
       3.78461571e+001, 2.43846169e+001, 4.77692337e+001,
       5.91538467e+001, 4.86153870e+001, 23., 3.02307701e+001,
       2.23846169e+001, 9.46153927e+000, 9.61538506e+000,
       2.83846169e+001, 1.89230785e+001, 1.06923084e+001,
       7.76923084e+000, 6.45384674e+001, 3.16153851e+001,
       1.86153851e+001, 2.35384617e+001, 5.16923103e+001,
       3.42307701e+001, 24., 2.66923084e+001, 70., 5.16923103e+001,
       8.40769272e+001, 66., 5.26153870e+001, 5.66153870e+001, 81.,
       6.74615402e+001, 5.72307701e+001, 6.44615402e+001,
       8.19230804e+001, 5.63076935e+001, 8.47692337e+001,
       6.84615402e+001, 7.66153870e+001, 5.35384636e+001,
       4.85384636e+001, 1.89230785e+001, 1.38461542e+001,
       2.08461552e+001, 5.03846169e+001, 2.17692318e+001,
       1.44615393e+001, 2.13076935e+001, 4.79230804e+001,
       2.76923084e+001, 1.72307701e+001, 1.81538467e+001,
       3.43846169e+001, 3.36153870e+001, 1.56153851e+001,
       1.99230785e+001, 5.76923103e+001, 5.92307701e+001,
       7.51538467e+001, 5.35384636e+001, 5.04615402e+001,
       6.53846207e+001, 6.62307739e+001, 4.63846169e+001,
       5.01538467e+001, 4.61538467e+001, 6.76153870e+001,
       6.96153870e+001, 6.57692337e+001, 4.36153870e+001,
       6.13846169e+001, 6.00769272e+001, 3.15384636e+001,
       1.46923084e+001, 1.10769234e+001, 1.97692318e+001,
       2.86153851e+001, 1.34615393e+001, 1.46153851e+001,
       1.86923084e+001, 4.05384636e+001, 2.36153851e+001,
       2.61538467e+001, 2.95384636e+001, 1.83076935e+001,
       2.29230785e+001, 1.13076925e+001, 1.41538467e+001,
       6.70769272e+001, 5.09230804e+001, 4.33846169e+001,
       5.74615402e+001, 43., 6.71538467e+001, 4.24615402e+001,
       4.16153870e+001, 3.16153851e+001, 2.99230785e+001,
       2.86923084e+001, 5.75384636e+001, 5.30769234e+001,
       2.86923084e+001, 3.55384636e+001, 5.81538467e+001,
       1.77692318e+001, 2.66923084e+001, 1.56153851e+001,
       1.40769234e+001, 1.92307701e+001, 1.19230776e+001,
       1.11538467e+001, 1.18461542e+001, 23., 13., 2., 2., 6., 7., 4.,
       7., 63., 28., 17., 7., 14., 27., 43., 41., 28., 19., 33., 20.,
       26., 63., 80., 36., 19., 11., 10., 14., 65., 39., 27., 25., 35.,
       24., 3., 3., 7., 7., 5., 6., 109., 74., 38., 31., 34., 41., 40.,
       39., 62., 60., 74., 46., 57., 61., 62., 46., 57., 28., 19., 56.,
       109., 42., 24., 50., 21., 14., 4., 5., 8., 5., 4., 24., 92., 88.,
       26., 19., 68., 34., 29., 65., 37., 47., 54., 108., 41., 23., 60.,
       109., 48., 36., 11., 109., 109., 18., 11., 102., 13., 13., 1., 1.,
       6., 4., 2., 11., 50., 45., 13., 12., 71., 33., 27., 62., 17., 26.,
       21., 109., 22., 9., 47., 88., 4., 3., 6., 67., 12., 3., 7., 21.,
       95., 47., 28., 21., 12., 11., 16., 28., 8., 17., 55., 47., 20.,
       20., 34., 23., 11., 18., 59., 43., 14., 15., 44., 37., 5., 12.,
       48., 29., 7., 15., 74., 29., 120., 49., 42., 22., 8., 9., 25.,
       37., 13., 20., 51., 48., 26., 23., 53., 40., 21., 25., 71., 46.,
       20., 26., 60., 55., 10., 21., 77., 31., 6., 14., 65., 32., 120.,
       52., 33., 13., 6., 9., 27., 46., 23., 25., 42., 38., 23., 22.,
       61., 55., 15., 14., 49., 48., 21., 26., 71., 61., 8., 13., 48.,
       38., 17., 19., 47., 24., 120., 29., 34., 35., 8., 12., 30., 55.,
       21., 35., 120., 90., 16., 18., 53., 50., 6., 24., 120., 118., 23.,
       28., 39., 20., 5., 35., 120., 65., 16., 15., 19., 9. ]
