%YAML:1.0
vocabulary: !!opencv-matrix
   rows: 3
   cols: 128
   dt: f
   data: [ 3.86000023e+001, 9.60000038e+000, 8.60000038e+000,
       2.93999996e+001, 6.72000046e+001, 1.21999998e+001,
       7.40000010e+000, 1.34000006e+001, 4.37999992e+001,
       2.06000004e+001, 2.96000004e+001, 3.42000008e+001,
       3.52000008e+001, 1.96000004e+001, 3.56000023e+001,
       3.76000023e+001, 3.64000015e+001, 3.84000015e+001, 32., 20.,
       4.67999992e+001, 4.74000015e+001, 3.87999992e+001,
       1.63999996e+001, 67., 3.22000008e+001, 8.40000057e+000, 7.,
       3.08000011e+001, 1.63999996e+001, 1.16000004e+001,
       1.28000002e+001, 4.17999992e+001, 1.56000004e+001,
       1.26000004e+001, 18., 71., 42., 1.56000004e+001, 1.63999996e+001,
       6.52000046e+001, 4.67999992e+001, 64., 4.97999992e+001,
       6.52000046e+001, 5.37999992e+001, 6.54000015e+001,
       5.24000015e+001, 6.48000031e+001, 4.97999992e+001,
       6.75999985e+001, 5.04000015e+001, 7.04000015e+001,
       5.22000008e+001, 70., 5.32000008e+001, 77., 2.08000011e+001, 11.,
       1.46000004e+001, 36., 1.62000008e+001, 15., 38., 42.,
       2.48000011e+001, 5.24000015e+001, 58., 5.04000015e+001, 29.,
       1.88000011e+001, 1.51999998e+001, 6.07999992e+001,
       6.45999985e+001, 7.04000015e+001, 5.82000008e+001, 58.,
       6.27999992e+001, 54., 30., 59., 4.76000023e+001, 72.,
       6.94000015e+001, 5.26000023e+001, 3.06000004e+001,
       6.26000023e+001, 75., 4.67999992e+001, 41., 2.88000011e+001,
       2.12000008e+001, 4.56000023e+001, 1.18000002e+001, 7.,
       3.47999992e+001, 27., 16., 4.67999992e+001, 4.67999992e+001, 15.,
       1.44000006e+001, 2.26000004e+001, 1.51999998e+001,
       5.82000008e+001, 4.77999992e+001, 3.34000015e+001,
       3.44000015e+001, 3.44000015e+001, 3.77999992e+001,
       2.76000004e+001, 23., 3.34000015e+001, 37., 3.92000008e+001,
       4.96000023e+001, 51., 2.16000004e+001, 37., 6.07999992e+001,
       1.92000008e+001, 4.37999992e+001, 3.82000008e+001, 18., 43.,
       9.60000038e+000, 7.59999990e+000, 2.23999996e+001,
       3.24285736e+001, 1.48571434e+001, 1.19285717e+001, 20.,
       2.50000019e+001, 1.34285717e+001, 1.71428585e+001,
       2.47142868e+001, 3.64285736e+001, 2.45714302e+001, 37.,
       2.83571434e+001, 2.17857151e+001, 2.62857151e+001,
       4.87142868e+001, 4.94285736e+001, 2.37857151e+001,
       3.45714302e+001, 3.86428604e+001, 2.24285717e+001,
       3.96428604e+001, 5.50000038e+001, 5.18571434e+001,
       2.18571434e+001, 2.11428585e+001, 2.35000019e+001,
       1.38571434e+001, 9.71428585e+000, 2.13571434e+001,
       2.12142868e+001, 1.73571434e+001, 9.35714340e+000,
       5.80714302e+001, 3.37142868e+001, 2.35714302e+001,
       2.35000019e+001, 4.60714302e+001, 3.43571434e+001,
       2.80714302e+001, 2.73571434e+001, 6.58571472e+001,
       5.09285736e+001, 8.19285736e+001, 6.04285736e+001,
       4.77142868e+001, 5.02142868e+001, 78., 6.75714340e+001,
       5.06428604e+001, 6.24285736e+001, 8.58571472e+001,
       5.59285736e+001, 7.58571472e+001, 6.82142868e+001,
       7.88571472e+001, 5.28571434e+001, 3.95714302e+001,
       2.15000019e+001, 2.21428585e+001, 2.27142868e+001,
       4.57857170e+001, 2.62857151e+001, 2.41428585e+001,
       2.26428585e+001, 4.87142868e+001, 2.91428585e+001,
       2.22142868e+001, 1.75714302e+001, 3.32142868e+001,
       3.37857170e+001, 2.45000019e+001, 2.26428585e+001,
       5.38571434e+001, 6.00714302e+001, 7.86428604e+001,
       5.28571434e+001, 4.97857170e+001, 5.91428604e+001,
       7.42142868e+001, 4.90714302e+001, 4.38571434e+001,
       4.81428604e+001, 7.50714340e+001, 6.63571472e+001,
       5.67142868e+001, 4.22857170e+001, 6.95000000e+001,
       5.52857170e+001, 3.29285736e+001, 1.39285717e+001,
       1.87142868e+001, 2.24285717e+001, 3.06428585e+001,
       1.65000000e+001, 2.37142868e+001, 2.27142868e+001,
       4.55000038e+001, 2.67857151e+001, 3.35714302e+001,
       2.93571434e+001, 1.72857151e+001, 2.53571434e+001,
       1.95000000e+001, 2.02857151e+001, 4.90000038e+001,
       4.60714302e+001, 5.23571434e+001, 5.06428604e+001, 41.,
       6.38571472e+001, 4.82857170e+001, 4.34285736e+001,
       2.95000019e+001, 2.64285717e+001, 3.82857170e+001,
       5.21428604e+001, 4.32857170e+001, 2.79285736e+001,
       4.13571434e+001, 5.52857170e+001, 20., 2.53571434e+001,
       2.44285717e+001, 1.96428585e+001, 2.07142868e+001,
       1.31428576e+001, 1.68571434e+001, 1.55714293e+001,
       3.81666679e+001, 1.01666670e+001, 8.50000000e+000, 13.,
       2.46666679e+001, 9.83333397e+000, 7.66666698e+000,
       1.18333340e+001, 4.61666679e+001, 2.86666679e+001,
       4.08333359e+001, 4.11666679e+001, 3.55000000e+001, 31.,
       4.58333359e+001, 4.56666679e+001, 3.86666679e+001,
       4.65000000e+001, 4.35000000e+001, 2.98333340e+001,
       4.41666679e+001, 5.26666679e+001, 5.31666679e+001,
       3.15000000e+001, 3.11666679e+001, 1.73333340e+001,
       9.33333397e+000, 1.23333340e+001, 4.01666679e+001, 19.,
       1.16666670e+001, 1.08333340e+001, 6.05000000e+001,
       2.31666679e+001, 1.31666670e+001, 1.86666679e+001,
       4.48333359e+001, 2.31666679e+001, 1.31666670e+001,
       1.83333340e+001, 7.76666718e+001, 5.03333359e+001,
       6.83333359e+001, 61., 6.06666679e+001, 5.18333359e+001,
       6.73333359e+001, 5.83333359e+001, 6.25000000e+001,
       6.46666718e+001, 7.48333359e+001, 5.16666679e+001,
       7.43333359e+001, 6.31666679e+001, 6.85000000e+001, 48.,
       5.88333359e+001, 2.18333340e+001, 1.48333340e+001,
       2.86666679e+001, 6.51666718e+001, 2.31666679e+001,
       1.43333340e+001, 27., 4.55000000e+001, 21., 1.58333340e+001, 15.,
       2.88333340e+001, 20., 11., 1.83333340e+001, 7.71666718e+001,
       5.83333359e+001, 4.91666679e+001, 4.41666679e+001,
       6.23333359e+001, 7.38333359e+001, 44., 48., 5.78333359e+001,
       4.48333359e+001, 5.03333359e+001, 79., 7.38333359e+001,
       4.51666679e+001, 4.88333359e+001, 8.43333359e+001,
       3.65000000e+001, 22., 1.11666670e+001, 38., 47., 1.28333340e+001,
       7.50000000e+000, 3.11666679e+001, 30., 1.11666670e+001,
       1.51666670e+001, 1.73333340e+001, 1.26666670e+001,
       7.50000000e+000, 5.33333349e+000, 1.06666670e+001,
       8.76666718e+001, 4.98333359e+001, 3.03333340e+001,
       6.21666679e+001, 5.95000000e+001, 5.48333359e+001,
       3.06666679e+001, 4.78333359e+001, 3.58333359e+001, 38.,
       2.43333340e+001, 7.75000000e+001, 6.11666679e+001,
       3.23333359e+001, 3.36666679e+001, 6.51666718e+001,
       1.21666670e+001, 2.11666679e+001, 1.36666670e+001, 22.,
       2.45000000e+001, 1.08333340e+001, 6.66666698e+000,
       1.03333340e+001 ]
