%YAML:1.0
vocabulary: !!opencv-matrix
   rows: 5
   cols: 128
   dt: f
   data: [ 3.76071434e+001, 1.15357151e+001, 1.28214293e+001,
       3.92857170e+001, 4.69642868e+001, 9.89285755e+000,
       1.27857151e+001, 2.33928585e+001, 3.41071434e+001,
       2.29642868e+001, 3.93928604e+001, 3.45357170e+001, 21.,
       2.69285717e+001, 5.35357170e+001, 4.36428604e+001,
       4.31428604e+001, 5.48214302e+001, 3.59642868e+001,
       1.75000000e+001, 4.17857170e+001, 5.27500038e+001,
       4.43214302e+001, 1.54642868e+001, 4.18928604e+001,
       2.45000019e+001, 7.78571463e+000, 6.32142878e+000,
       2.50000019e+001, 1.31428576e+001, 1.00714293e+001,
       7.32142878e+000, 6.17142868e+001, 2.40357151e+001,
       1.44642868e+001, 2.47857151e+001, 7.01071472e+001,
       4.51071434e+001, 2.28214302e+001, 2.62142868e+001,
       6.25357170e+001, 4.20714302e+001, 7.25000000e+001,
       5.30000038e+001, 4.74285736e+001, 4.62500038e+001,
       6.64642868e+001, 5.44642868e+001, 7.29642868e+001,
       4.75714302e+001, 6.12500038e+001, 4.08928604e+001,
       7.45357208e+001, 5.13571434e+001, 5.57500038e+001,
       4.73214302e+001, 6.53214340e+001, 1.95357151e+001,
       1.12142859e+001, 1.25714293e+001, 4.36428604e+001,
       1.55000010e+001, 1.26428576e+001, 1.93214302e+001,
       5.46785736e+001, 3.03214302e+001, 2.37142868e+001,
       3.47500000e+001, 5.26428604e+001, 3.79285736e+001,
       1.28214293e+001, 1.48214293e+001, 4.87857170e+001,
       5.32857170e+001, 6.59642868e+001, 4.99285736e+001,
       4.75714302e+001, 5.85714302e+001, 5.81071472e+001,
       3.48571434e+001, 6.19285736e+001, 4.46071434e+001,
       6.53214340e+001, 5.17142868e+001, 5.70357170e+001,
       3.14642868e+001, 5.06071434e+001, 6.17500038e+001,
       4.23214302e+001, 2.59642868e+001, 2.49642868e+001,
       1.82142868e+001, 3.76428604e+001, 1.37500010e+001,
       1.00357151e+001, 1.70714302e+001, 6.19285736e+001,
       2.69285717e+001, 2.77142868e+001, 4.38571434e+001,
       2.36785717e+001, 2.40714302e+001, 9.85714340e+000,
       1.32857151e+001, 6.31785736e+001, 5.58214302e+001,
       3.87500000e+001, 5.02142868e+001, 4.24285736e+001,
       6.89285736e+001, 4.55714302e+001, 3.76071434e+001,
       4.18214302e+001, 5.55000038e+001, 4.57857170e+001,
       4.13214302e+001, 8.69642868e+001, 3.36785736e+001,
       3.70357170e+001, 6.35000038e+001, 2.19285717e+001,
       4.05357170e+001, 4.12500000e+001, 1.08928576e+001,
       3.33571434e+001, 1.50000010e+001, 1.20357151e+001,
       1.21428576e+001, 3.00909100e+001, 10., 9.81818199e+000,
       2.25454559e+001, 5.31818199e+001, 1.50909100e+001,
       1.16363640e+001, 1.55454550e+001, 3.46363640e+001,
       2.08181820e+001, 3.90909119e+001, 4.24545479e+001,
       3.49090919e+001, 1.77272739e+001, 3.92727280e+001,
       3.65454559e+001, 1.87272739e+001, 40., 4.76363640e+001,
       1.95454559e+001, 3.32727280e+001, 3.63636360e+001, 44.,
       2.01818180e+001, 4.20909119e+001, 3.27272720e+001,
       1.38181820e+001, 9.72727299e+000, 2.86363640e+001,
       2.60909100e+001, 1.60909100e+001, 1.41818190e+001,
       5.22727280e+001, 27., 2.32727280e+001, 2.20909100e+001,
       8.74545517e+001, 33., 1.55454550e+001, 1.82727280e+001,
       6.60909119e+001, 4.74545479e+001, 6.43636398e+001,
       4.33636360e+001, 7.01818237e+001, 5.14545479e+001,
       5.46363640e+001, 4.78181839e+001, 4.34545479e+001,
       5.69090919e+001, 66., 3.47272720e+001, 4.88181839e+001,
       5.00909119e+001, 6.86363678e+001, 4.72727280e+001,
       6.30909119e+001, 42., 2.83636379e+001, 2.13636379e+001,
       5.17272758e+001, 3.88181839e+001, 2.75454559e+001,
       3.44545479e+001, 4.22727280e+001, 2.67272739e+001, 35.,
       4.19090919e+001, 5.92727280e+001, 2.97272739e+001,
       1.49090910e+001, 1.68181820e+001, 6.03636398e+001,
       6.37272758e+001, 60., 5.36363640e+001, 5.66363640e+001,
       6.04545479e+001, 46., 3.03636379e+001, 4.58181839e+001,
       5.57272758e+001, 77., 4.32727280e+001, 4.34545479e+001,
       4.01818199e+001, 6.27272758e+001, 5.97272758e+001,
       4.85454559e+001, 5.56363640e+001, 4.43636360e+001,
       2.29090919e+001, 6.77272720e+001, 3.93636360e+001,
       2.64545460e+001, 4.18181839e+001, 1.69090919e+001, 11.,
       2.23636379e+001, 3.23636360e+001, 23., 1.25454550e+001,
       9.36363697e+000, 10., 5.88181839e+001, 5.24545479e+001,
       2.09090919e+001, 3.23636360e+001, 2.84545460e+001,
       5.06363640e+001, 2.72727280e+001, 16., 5.92727280e+001,
       5.96363640e+001, 4.37272758e+001, 41., 6.11818199e+001, 45.,
       4.28181839e+001, 5.45454559e+001, 35., 3.82727280e+001,
       2.72727280e+001, 1.39090910e+001, 6.09090919e+001,
       2.95454559e+001, 1.40909100e+001, 2.50909100e+001,
       2.47096767e+001, 1.05161285e+001, 9.51612854e+000,
       1.42580643e+001, 1.47096767e+001, 7.70967722e+000,
       1.18064508e+001, 2.34838696e+001, 3.03225803e+001,
       2.14193535e+001, 3.12258053e+001, 2.02258053e+001,
       1.10967741e+001, 1.90645161e+001, 5.24516106e+001,
       4.94193535e+001, 1.61935482e+001, 2.15483856e+001,
       2.63870964e+001, 1.71935482e+001, 4.07096748e+001,
       5.39032249e+001, 4.13870964e+001, 1.37741928e+001,
       8.80645180e+000, 7.16129017e+000, 7.16129017e+000,
       5.77419329e+000, 1.63225803e+001, 1.14193544e+001,
       6.38709641e+000, 3.93548369e+000, 6.17096748e+001,
       3.15806446e+001, 1.97096767e+001, 2.35483856e+001,
       3.64516106e+001, 3.25483856e+001, 2.86451607e+001,
       3.29354820e+001, 7.67419357e+001, 5.97096748e+001,
       9.08709641e+001, 6.64838715e+001, 4.45483856e+001,
       5.12580643e+001, 8.25483856e+001, 7.39354782e+001,
       5.47741928e+001, 6.75483856e+001, 7.80645142e+001,
       5.43548355e+001, 9.36128998e+001, 7.46451569e+001,
       6.89677429e+001, 4.83548355e+001, 2.06129017e+001,
       1.30322580e+001, 1.29032249e+001, 1.67741928e+001,
       4.03225784e+001, 2.08064518e+001, 1.61612892e+001,
       1.44516125e+001, 5.54193535e+001, 3.97419357e+001,
       1.93870964e+001, 2.79032249e+001, 3.80645142e+001,
       4.04193535e+001, 2.09354839e+001, 2.32903214e+001,
       6.46774139e+001, 7.23225784e+001, 8.13548355e+001,
       5.54516106e+001, 4.64838715e+001, 6.31290321e+001,
       7.39354782e+001, 4.85483856e+001, 4.77741928e+001,
       5.27419357e+001, 7.21612854e+001, 6.71612854e+001,
       7.68064499e+001, 4.60967712e+001, 6.35161285e+001,
       5.07419357e+001, 1.86451607e+001, 1.37741928e+001,
       1.50322580e+001, 1.80967731e+001, 3.09677410e+001,
       1.40967741e+001, 1.25806446e+001, 1.47096767e+001,
       4.34193535e+001, 3.06129017e+001, 1.51290321e+001,
       2.43548374e+001, 2.06129017e+001, 2.64516125e+001,
       1.24193544e+001, 1.39032249e+001, 6.34193535e+001,
       6.40322571e+001, 3.42258072e+001, 3.76774178e+001, 44.,
       7.22903214e+001, 4.16451607e+001, 3.43225784e+001,
       4.11290321e+001, 3.93225784e+001, 3.04838696e+001,
       3.86774178e+001, 6.72903214e+001, 4.11612892e+001,
       3.25161285e+001, 5.25806427e+001, 1.52580643e+001,
       1.30967741e+001, 1.25483866e+001, 1.12903223e+001,
       2.42903214e+001, 1.51290321e+001, 1.14193544e+001,
       1.21612902e+001, 2.65588245e+001, 1.39705887e+001,
       1.28529415e+001, 1.69705887e+001, 2.32058830e+001,
       1.07058821e+001, 1.33529415e+001, 1.82941170e+001,
       4.58529396e+001, 2.25294113e+001, 3.47941170e+001,
       4.05294113e+001, 3.12647057e+001, 2.00588245e+001,
       3.97941170e+001, 5.20882339e+001, 2.15294113e+001,
       2.81764698e+001, 4.68235283e+001, 2.81176472e+001,
       3.38235283e+001, 4.70882339e+001, 5.69705887e+001,
       2.87352943e+001, 3.58529396e+001, 3.08529415e+001,
       2.29705887e+001, 1.89705887e+001, 3.46764717e+001,
       2.96470585e+001, 1.96764698e+001, 1.84705887e+001,
       3.65588226e+001, 2.17352943e+001, 1.95882359e+001,
       1.91470585e+001, 3.46764717e+001, 2.34411774e+001,
