%YAML:1.0
vocabulary: !!opencv-matrix
   rows: 21
   cols: 128
   dt: f
   data: [ 2.72000008e+001, 1.08000002e+001, 8.60000038e+000,
       1.28000002e+001, 2.22000008e+001, 1.38000002e+001,
       1.28000002e+001, 1.86000004e+001, 48., 2.33999996e+001,
       2.83999996e+001, 2.03999996e+001, 2.06000004e+001, 19.,
       4.92000008e+001, 4.46000023e+001, 1.28000002e+001,
       1.93999996e+001, 3.02000008e+001, 1.86000004e+001,
       4.94000015e+001, 4.77999992e+001, 4.46000023e+001, 16., 16., 11.,
       9.19999981e+000, 7., 2.38000011e+001, 1.31999998e+001,
       8.60000038e+000, 9.19999981e+000, 5.22000008e+001,
       3.42000008e+001, 2.03999996e+001, 1.73999996e+001,
       4.16000023e+001, 3.37999992e+001, 2.76000004e+001,
       3.24000015e+001, 8.35999985e+001, 6.34000015e+001,
       7.38000031e+001, 39., 5.34000015e+001, 5.42000008e+001,
       6.54000015e+001, 5.36000023e+001, 3.67999992e+001, 44.,
       6.85999985e+001, 5.24000015e+001, 79., 5.54000015e+001,
       5.77999992e+001, 4.26000023e+001, 1.92000008e+001,
       7.20000029e+000, 1.41999998e+001, 23., 4.12000008e+001,
       1.34000006e+001, 1.24000006e+001, 1.92000008e+001,
       3.64000015e+001, 2.82000008e+001, 2.48000011e+001,
       3.03999996e+001, 3.52000008e+001, 3.16000004e+001,
       2.18000011e+001, 3.47999992e+001, 7.94000015e+001, 79.,
       7.68000031e+001, 50., 6.07999992e+001, 9.15999985e+001,
       6.44000015e+001, 3.72000008e+001, 3.36000023e+001, 49.,
       7.05999985e+001, 6.24000015e+001, 8.25999985e+001,
       4.34000015e+001, 63., 58., 1.46000004e+001, 1.56000004e+001,
       1.83999996e+001, 1.51999998e+001, 2.96000004e+001,
       1.92000008e+001, 1.38000002e+001, 1.16000004e+001, 23.,
       1.66000004e+001, 2.46000004e+001, 3.76000023e+001,
       1.26000004e+001, 1.08000002e+001, 5., 5.59999990e+000,
       9.15999985e+001, 87., 1.86000004e+001, 4.04000015e+001,
       6.26000023e+001, 6.42000046e+001, 2.98000011e+001,
       2.08000011e+001, 7.45999985e+001, 8.08000031e+001,
       2.53999996e+001, 4.07999992e+001, 1.01400002e+002,
       6.24000015e+001, 4.16000023e+001, 61., 1.72000008e+001, 25.,
       1.26000004e+001, 7.40000010e+000, 4.26000023e+001, 31.,
       1.24000006e+001, 1.01999998e+001, 2.21538467e+001,
       6.84615421e+000, 5.23076963e+000, 1.50000010e+001,
       1.82307701e+001, 4.61538458e+000, 6.61538506e+000,
       1.36923084e+001, 2.28461552e+001, 1.59230776e+001,
       2.53846169e+001, 2.25384617e+001, 1.32307701e+001,
       9.46153927e+000, 2.53846169e+001, 2.94615402e+001,
       1.96923084e+001, 3.02307701e+001, 2.76153851e+001,
       1.43846159e+001, 2.79230785e+001, 3.03076935e+001,
       2.43076935e+001, 1.01538467e+001, 1.10769234e+001,
       9.84615421e+000, 5.53846169e+000, 3.92307711e+000,
       1.22307701e+001, 1.43076925e+001, 5.84615421e+000,
       3.38461542e+000, 6.79230804e+001, 2.83076935e+001,
       2.16923084e+001, 3.40769234e+001, 5.40769234e+001,
       3.03846169e+001, 2.41538467e+001, 34., 75., 5.35384636e+001,
       9.77692337e+001, 8.36923141e+001, 5.51538467e+001,
       4.96923103e+001, 9.33846207e+001, 79., 7.23076935e+001,
       8.66153870e+001, 9.73076935e+001, 5.27692337e+001,
       8.16923141e+001, 8.42307739e+001, 9.04615402e+001,
       6.00000038e+001, 3.69230766e+001, 2.34615402e+001,
       1.95384617e+001, 1.92307701e+001, 4.84615402e+001,
       3.12307701e+001, 2.11538467e+001, 1.92307701e+001,
       5.60769234e+001, 3.42307701e+001, 2.32307701e+001,
       3.06923084e+001, 4.61538467e+001, 38., 3.15384636e+001,
       2.65384617e+001, 6.13846169e+001, 6.15384636e+001,
       8.43076935e+001, 5.83076935e+001, 5.25384636e+001,
       6.16923103e+001, 7.70769272e+001, 5.43846169e+001,
       6.44615402e+001, 6.07692337e+001, 8.68461609e+001,
       6.82307739e+001, 69., 4.99230804e+001, 73., 7.51538467e+001,
       2.84615402e+001, 1.97692318e+001, 2.45384617e+001,
       2.92307701e+001, 3.85384636e+001, 1.87692318e+001,
       1.74615383e+001, 2.14615383e+001, 2.61538467e+001,
       1.45384617e+001, 1.73076935e+001, 1.98461552e+001,
       1.52307701e+001, 1.65384617e+001, 11., 9.92307758e+000,
       2.86923084e+001, 2.77692318e+001, 2.85384617e+001,
       2.14615383e+001, 2.27692318e+001, 3.89230766e+001,
       2.30769234e+001, 2.06923084e+001, 2.12307701e+001,
       2.41538467e+001, 2.92307701e+001, 2.89230785e+001,
       3.43846169e+001, 1.65384617e+001, 2.40769234e+001,
       4.32307701e+001, 8.23076916e+000, 1.43846159e+001,
       1.51538467e+001, 1.19230776e+001, 1.40769234e+001,
       9.84615421e+000, 1.16153851e+001, 1.42307701e+001,
       3.33333359e+001, 1.63333340e+001, 3.26666679e+001,
       5.46666679e+001, 2.46666679e+001, 1.33333340e+001,
       2.56666679e+001, 41., 27., 34., 5.36666679e+001, 24.,
       1.56666670e+001, 4.43333359e+001, 7.86666718e+001,
       4.16666679e+001, 4.06666679e+001, 48., 3.83333359e+001,
       1.56666670e+001, 28., 3.83333359e+001, 51., 2.33333340e+001, 32.,
       21., 1.36666670e+001, 4., 1.53333340e+001, 1.06666670e+001,
       1.76666679e+001, 11., 63., 3.46666679e+001, 2.06666679e+001,
       2.56666679e+001, 3.13333340e+001, 35., 33., 43., 48.,
       3.93333359e+001, 7.13333359e+001, 5.26666679e+001, 27.,
       3.73333359e+001, 7.66666718e+001, 64., 81., 40., 5.26666679e+001,
       38., 7.23333359e+001, 54., 5.26666679e+001, 36., 7.06666718e+001,
       17., 17., 1.73333340e+001, 44., 1.23333340e+001, 15.,
       1.26666670e+001, 6.53333359e+001, 5.06666679e+001,
       2.63333340e+001, 1.96666679e+001, 3.93333359e+001,
       5.56666679e+001, 2.16666679e+001, 1.36666670e+001,
       4.06666679e+001, 53., 7.03333359e+001, 50., 3.23333359e+001, 32.,
       57., 34., 7.23333359e+001, 4.73333359e+001, 8.63333359e+001,
       5.33333359e+001, 8.26666718e+001, 34., 59., 5.26666679e+001,
       5.93333359e+001, 3.63333359e+001, 4.43333359e+001,
       2.13333340e+001, 5.86666679e+001, 2.43333340e+001,
       2.93333340e+001, 2.53333340e+001, 84., 33., 2.83333340e+001,
       2.43333340e+001, 3.46666679e+001, 55., 2.33333340e+001,
       1.93333340e+001, 24., 3.76666679e+001, 3.86666679e+001,
       2.86666679e+001, 5.93333359e+001, 43., 3.86666679e+001,
       4.83333359e+001, 6.66666718e+001, 5.16666679e+001,
       4.63333359e+001, 3.46666679e+001, 8.13333359e+001,
       3.33333359e+001, 2.86666679e+001, 4.06666679e+001,
       4.46666679e+001, 4.13333359e+001, 3.26666679e+001,
       1.73333340e+001, 5.36666679e+001, 2.86666679e+001, 21.,
       1.93333340e+001, 22., 26., 2.03333340e+001, 1.43333340e+001,
       1.63333340e+001, 8.33333397e+000, 9.33333397e+000, 11.,
       4.66666679e+001, 3.73333359e+001, 48., 2.26666679e+001,
       2.23333340e+001, 2.23333340e+001, 4.13333359e+001, 43., 23.,
       2.63333340e+001, 5.13333359e+001, 4.16666679e+001,
       3.86666679e+001, 3.33333359e+001, 57., 5.23333359e+001,
       2.26666679e+001, 20., 3.63333359e+001, 50., 5.23333359e+001,
       3.06666679e+001, 2.23333340e+001, 2.86666679e+001, 32.,
       3.63333359e+001, 20., 16., 2.36666679e+001, 2.73333340e+001, 39.,
       2.56666679e+001, 79., 5.56666679e+001, 5.26666679e+001,
       3.06666679e+001, 3.93333359e+001, 38., 4.73333359e+001,
       5.36666679e+001, 41., 46., 7.86666718e+001, 5.33333359e+001,
       5.76666679e+001, 5.16666679e+001, 5.26666679e+001,
       4.53333359e+001, 2.73333340e+001, 1.86666679e+001,
       2.73333340e+001, 45., 61., 43., 3.83333359e+001, 2.96666679e+001,
       61., 6.36666679e+001, 3.46666679e+001, 3.26666679e+001, 43.,
       5.93333359e+001, 4.73333359e+001, 4.23333359e+001,
       7.23333359e+001, 64., 4.83333359e+001, 4.03333359e+001,
       7.16666718e+001, 6.43333359e+001, 5.56666679e+001,
       4.23333359e+001, 45., 41., 68., 6.93333359e+001, 5.26666679e+001,
       3.86666679e+001, 5.26666679e+001, 6.03333359e+001,
       4.26666679e+001, 24., 48., 56., 46., 3.73333359e+001,
       4.93333359e+001, 60., 3.93333359e+001, 33., 2.43333340e+001,
