%YAML:1.0
reducer: !!opencv-matrix
   rows: 128
   cols: 20
   dt: f
   data: [ 9.67633545e+002, -2.08235657e+002, -7.37796478e+001,
       2.62867157e+002, -1.49291260e+002, 2.29707565e+002,
       1.06491554e+002, 1.05395727e+001, -1.53056450e+001,
       6.25471573e+001, -2.02247650e+002, -1.35619263e+002,
       -1.40487625e+002, 2.52335556e+002, -1.19746040e+002,
       -9.51208420e+001, -2.24118835e+002, -1.12572830e+002,
       -2.41405624e+002, -1.74157242e+002, -4.80224533e+001,
       7.89527512e+001, -1.44366852e+002, -9.43092499e+001,
       -1.33290054e+002, -6.26283026e+000, -4.66123724e+000,
       2.89623661e+001, -2.56042510e-001, -7.38048325e+001,
       -2.63696045e+002, -3.10601624e+002, 3.00314362e+002,
       1.42998367e+002, 1.04891563e+002, -2.96091248e+002,
       -1.23333649e+002, 1.81863556e+002, -1.15546440e+002,
       -1.02610840e+002, -1.25266060e+002, 1.77980347e+002,
       -1.83209656e+002, 2.14105560e+002, -1.86691254e+002,
       -6.24804344e+001, -1.10342430e+002, -3.65236359e+001,
       -2.69752293e+001, -1.56692444e+002, -4.50416489e+001,
       -1.56764069e+002, 3.01475525e+001, -3.60768433e+001,
       1.78765167e+002, -2.10346039e+002, 8.12539520e+001,
       -2.39156456e+001, -7.97996292e+001, 1.45544373e+002,
       5.86419563e+001, -4.26108063e+002, 1.62879620e+001,
       -2.31972443e+002, -2.00108444e+002, -7.88283253e+000,
       9.00471725e+001, -9.67984314e+001, -6.93884087e+000,
       -5.29324245e+000, -2.21635254e+002, 1.05515659e+000,
       2.52047634e+001, 1.08038361e+002, -5.38123751e+000,
       5.87143593e+001, -3.58822052e+002, -4.25072327e+001,
       -1.08566833e+002, -1.40172043e+002, -9.45056534e+001,
       1.65663490e+001, -3.27274475e+002, -3.46592484e+001,
       3.75956360e+002, 6.06707687e+001, 1.32472366e+002,
       1.74965546e+002, -7.69804573e+000, 1.15553566e+002,
       6.09999657e+001, -3.24152832e+002, -4.50229248e+002,
       3.05443497e+001, 1.20011169e+002, -3.23996063e+002,
       -1.56885651e+002, 5.44036102e+000, 5.34703598e+001,
       1.00342773e+002, -3.53064575e+001, 1.92749172e-001,
       1.71247578e+001, 9.74179535e+001, -2.66268463e+002,
       -2.54055634e+002, -2.24872322e+001, -9.82304535e+001,
       1.84010376e+002, -5.49736443e+001, 4.12235565e+001,
       -5.80516357e+001, -3.22459625e+002, -1.03884439e+001,
       -9.01060333e+001, -1.24486450e+002, -2.05776329e+001,
       1.09011955e+002, 2.43847977e+002, -4.49552345e+001,
       2.76003532e+001, -1.99072037e+002, 1.05496758e+002,
       -8.70560532e+001, -1.30262466e+002, 5.57967758e+001,
       2.51382355e+002, 1.68025940e+002, 2.13579617e+001,
       -5.62164459e+001, -1.49301636e+002, 2.91071529e+001,
       6.96827545e+001, -3.30963826e+000, -1.40172043e+002,
       -1.38065628e+002, 2.84294769e+002, 1.13566360e+002,
       1.42785553e+002, 2.56179543e+001, -1.44826859e+002,
       -7.42484436e+001, 1.96379604e+001, -6.47464447e+001,
       -4.41355255e+002, 2.99299561e+002, 2.39919567e+001,
       7.79739532e+001, -2.46770432e+002, -6.11588287e+001,
       -2.34239639e+002, -1.04630043e+002, 5.44036102e+000,
       2.45279968e+002, -1.84268341e+001, -1.52449249e+002,
       1.23693954e+002, 2.53927612e+001, -5.08352242e+001,
       3.36155151e+002, 1.52990341e+002, -2.97933624e+002,
       6.08567581e+001, -2.00440521e+001, -3.53196442e+002,
       1.47533569e+002, -2.90472298e+001, 3.48063469e+001,
       -6.10160370e+001, 3.30187492e+001, -1.24486450e+002,
       -4.80052528e+001, -1.77566040e+002, -9.15148392e+001,
       -6.27740364e+001, -4.75268463e+002, -1.99235648e-001,
       -1.40132019e+002, 5.57967758e+001, -2.24118835e+002,
       -1.10152039e+002, -5.56316452e+001, -6.04004440e+001,
       -6.04664497e+001, -3.59006836e+002, -1.26101234e+002,
       4.38291588e+001, 5.51655464e+001, -3.30963826e+000,
       4.26179657e+001, -1.47849243e+002, -2.41050049e+002,
       1.95887558e+002, -8.20344391e+001, 1.21989967e+002,
       -4.52200356e+001, -6.47464447e+001, 1.04891563e+002,
       1.58397980e+002, -2.42809235e+002, -3.29354462e+002,
       8.41544688e-001, -5.65356483e+001, -1.76892838e+002,
       -2.76881653e+002, -5.50620422e+001, -1.04630043e+002,
       8.28723526e+001, 6.52055740e+001, -4.25003052e+000,
       2.24676743e+002, 1.39615936e+002, 3.65199699e+001,
       2.36995148e+002, -2.97933624e+002, 3.01475525e+001,
       -2.24789246e+002, -8.53536301e+001, -2.52843231e+002,
       -7.14468384e+001, 7.29647522e+001, 1.60387497e+001,
       1.01859558e+002, -1.74539246e+002, 3.30187492e+001,
       -5.89180450e+001, -2.13001633e+002, -1.55134857e+002,
       3.54749176e+002, -3.66688309e+001, 1.53266357e+002,
       3.58163147e+002, 3.79627533e+001, -2.21635254e+002,
       -7.19656219e+001, 5.06959137e+002, -9.21716309e+001,
       5.03883705e+001, -1.88080429e+002, -7.97292328e+001,
       -1.32843246e+002, -1.04795250e+002, 5.51655464e+001,
       -1.08566833e+002, -2.82271667e+002, 8.84783554e+001,
       -2.74354034e+002, -8.75976639e+001, -1.33496033e+002,
       -1.45900326e+001, -7.20312500e+001, -7.69804573e+000,
       -1.31903244e+002, -3.71634430e+002, -3.93332291e+001,
       -2.90066437e+002, -3.99034058e+002, 2.44801559e+002,
       1.07744370e+002, -2.14275635e+002, -5.50620422e+001,
       -1.56885651e+002, -9.28872528e+001, 2.03155960e+002,
       1.16997940e+002, -7.60136261e+001, -5.97024384e+001,
       -3.33320038e+002, 9.82596970e+000, -2.24872322e+001,
       -1.16733643e+002, 2.79991547e+002, 2.51401962e+002,
       3.27801941e+002, -2.12514038e+002, 4.26199608e+001,
       7.64051666e+001, 1.88518768e+002, 1.05395727e+001,
       -7.97820358e+001, 4.82367554e+001, 2.11167507e+001,
       1.38831558e+002, 2.45489960e+002, 1.78738754e+002,
       -8.25812378e+001, 1.39119616e+001, -1.30262466e+002,
       -9.51208420e+001, 3.63975639e+001, 1.56019958e+002,
       2.12756744e+002, 1.54731552e+002, 6.21427498e+001,
       2.30727730e+001, -2.07984833e+002, -6.26283026e+000,
       1.46344757e+002, -3.49614441e+002, 2.48370377e+002,
       -4.52004433e+001, -1.07845650e+002, 1.08481163e+002,
       -1.28824844e+002, 3.08455139e+002, 1.96379604e+001,
       1.42998367e+002, -8.21432419e+001, -1.06163635e+002,
       5.41727638e+001, -3.11464500e+001, -6.63228455e+001,
       3.01995544e+002, 1.01631165e+002, 2.14105560e+002,
       -1.25041245e+002, 1.05418373e+002, 1.04543648e+001,
       -1.21107231e+002, 7.71673157e+002, -2.36435654e+002,
       -1.01612045e+002, -6.75336456e+001, 1.52990341e+002,
       -1.56764069e+002, 2.73847694e+001, 1.22953575e+002,
       -5.36512413e+001, -2.14576416e+001, 1.13798759e+002,
       -7.76540375e+001, 1.13406738e+002, -4.26108063e+002,
       4.29987564e+001, 1.55322754e+002, 1.32253571e+002,
       2.16197159e+002, -2.66324019e+000, 2.30515747e+001,
       8.21947144e+002, 1.83795547e+001, -8.94584503e+001,
       -5.29324245e+000, 1.00854347e+002, -1.69075653e+002,
       -1.34382446e+002, -1.06882835e+002, -3.41004229e+000,
       -1.18388031e+002, -1.06940384e+001, -1.22912436e+001,
       -7.53236542e+001, -2.01620026e+002, 6.65903549e+001,
       1.19003792e+001, 5.98515564e+002, 3.33259979e+002,
       8.44214355e+002, -2.89158813e+002, -1.15727631e+002,
       1.74965546e+002, -1.24866035e+002, 2.01836349e+002,
       4.21507378e+001, 1.95411942e+002, -2.41025238e+002,
       1.12991974e+002, 1.24508751e+002, 3.48743629e+001,
       3.10847683e+001, -1.87172432e+001, 3.52571564e+001,
       -7.13276443e+001, 3.46847572e+001, 1.69357971e+002,
       1.31486877e+003, -2.42075241e+002, -1.94520340e+001,
       -6.15936317e+001, -1.93684448e+002, 2.53132751e+002,
       2.19696747e+002, 1.74965942e+002, -1.42221252e+002,
       1.60835457e+001, 3.33632355e+002, -2.01186035e+002,
       1.06491554e+002, 7.83119659e+001, 2.06743698e+001,
       -2.91720448e+001, 1.47193542e+002, -8.65484467e+001,
       6.94871155e+002, 1.23137177e+002, 2.77445953e+002,
