%YAML:1.0
reducer: !!opencv-matrix
   rows: 128
   cols: 20
   dt: f
   data: [ 3.03272735e-002, 2.05826089e-002, 2.09470056e-002,
       -3.85818519e-002, -2.49729641e-002, -9.01198582e-005,
       2.78112683e-002, -3.56552303e-002, 7.29017239e-003,
       -1.84884295e-002, 8.12891498e-003, -1.52072245e-002,
       -1.52551001e-002, -9.33303460e-002, -1.70932915e-002,
       2.32951809e-002, -3.02257724e-002, 5.49324043e-002,
       -8.51888061e-002, -2.97454447e-002, 1.10621015e-002,
       -8.25096853e-003, 1.31873898e-002, -1.41504928e-002,
       -1.29422573e-002, 3.99324521e-002, 1.30529059e-002,
       -1.91069599e-002, 1.53361065e-002, 2.20908877e-002,
       1.91801973e-002, 8.69894959e-003, -1.67274456e-002,
       -6.21650405e-002, 3.08646983e-003, 1.20762910e-003,
       -1.40569126e-002, 2.22325344e-002, -2.86046322e-002,
       -3.19371116e-003, 8.44776910e-003, -4.48295958e-002,
       1.94785353e-002, -6.00452162e-002, 3.26849744e-002,
       7.45481104e-002, 5.02790660e-002, -1.10268913e-001,
       5.10984845e-002, 3.22208032e-002, 7.32970461e-002,
       3.07863671e-002, -3.41928750e-002, -3.45550552e-002,
       -5.48299924e-002, 1.26643721e-002, 4.53668833e-002,
       4.43290733e-002, -2.51672603e-003, 7.67678162e-003,
       1.78573392e-002, -3.07209007e-002, -5.80859743e-003,
       -8.11330602e-002, -2.40906104e-002, 5.03043737e-003,
       1.33388797e-002, -9.63709056e-002, 6.26284108e-002,
       8.73167664e-002, 1.13975808e-001, 5.53337450e-004,
       1.11809587e-002, -4.45792787e-002, 2.81869154e-002,
       2.81803333e-003, -5.96834458e-002, 1.01485781e-001,
       -6.02828413e-002, 5.86012341e-002, 7.61171756e-003,
       -4.12393212e-002, 4.17898074e-002, -8.47207084e-002,
       2.91733779e-002, -1.34433489e-002, 9.95049700e-002,
       -1.08045928e-001, 3.97304855e-002, 3.10864039e-002,
       1.20701417e-001, 7.00256079e-002, -1.90398525e-002,
       -1.07596315e-001, -1.98235363e-002, 5.04897116e-003,
       -2.60712802e-002, 1.04751252e-001, -2.06347436e-001,
       -1.54057235e-001, 9.77776572e-003, -5.33671770e-003,
       2.49265376e-002, -3.38297226e-002, -1.57176126e-002,
       3.28584462e-002, 3.54957618e-002, -3.86121944e-002,
       1.22242039e-002, 7.44952029e-003, 2.80446634e-002,
       4.15056795e-002, -1.47939632e-002, -6.18821979e-002,
       2.13565142e-003, -1.10553857e-003, -2.21104603e-002,
       4.19317298e-002, -6.44266456e-002, -6.48338795e-002,
       1.93820335e-002, -2.63977870e-002, 3.06309834e-002,
       -7.64810070e-002, 1.65923499e-002, 7.58593455e-002,
       5.65687157e-002, -9.37836096e-002, 2.82803867e-002,
       -4.87040449e-003, 2.76523214e-002, 5.89237995e-002,
       -2.68090479e-002, -6.96918294e-002, -6.51235431e-002,
       -4.01515979e-003, 2.63517089e-002, 3.05792615e-002,
       -1.50415041e-002, -4.67791781e-002, 3.67784947e-002,
       4.06937636e-002, 8.90548434e-003, -6.13496713e-002,
       -4.56374958e-002, -2.78178174e-002, 1.62842274e-002,
       -6.02106862e-002, 1.22249797e-002, -2.01573577e-002,
       5.41706430e-003, -3.68482433e-002, -1.59333162e-002,
       -6.82613403e-002, -9.57421958e-003, 3.29533289e-003,
       -3.17660496e-002, 1.63703896e-002, -7.63365030e-002,
       5.02132066e-003, -1.13123339e-002, 1.13114133e-001,
       5.23715876e-002, 8.23525637e-002, -1.27368243e-004,
       -2.22414546e-002, -8.30539968e-003, -8.63607079e-002,
       2.17170063e-002, -9.42984037e-003, -1.34114726e-002,
       -5.55289984e-002, -5.68865389e-002, -2.97954045e-002,
       -2.92523261e-002, 2.95054372e-002, -8.74939561e-002,
       5.27993497e-003, 2.66226884e-002, 2.38622203e-002,
       -8.84149410e-003, 2.76665930e-002, 1.65513251e-002,
       3.07630133e-002, -2.61038095e-002, 4.20774743e-002,
       3.72266467e-003, 1.33179631e-002, 2.10730787e-002,
       -2.09491532e-002, 7.17295147e-003, 1.11552922e-003,
       -3.30474265e-002, -6.09291755e-002, 2.53360737e-002,
       8.64292402e-003, -9.09927860e-003, 2.13629883e-002,
       6.37526624e-003, 1.41488677e-002, 1.08793369e-002,
       -5.65768406e-002, -2.98553556e-002, -6.12724535e-002,
       4.38618809e-002, 5.51360622e-002, 3.66390422e-002,
       -8.64125565e-002, 5.65547757e-002, 1.79946385e-002,
       6.11900985e-002, 4.02270257e-002, -4.09850068e-002,
       -5.26648536e-002, -3.56861129e-002, -2.81603337e-004,
       8.96429047e-002, 4.79535982e-002, 7.45645240e-002,
       4.07423452e-002, 1.72004011e-002, -8.50299820e-002,
       3.14167840e-003, -8.28553587e-002, 2.70623174e-002,
       1.67895611e-002, 1.09691871e-002, -1.84545204e-001,
       2.83401534e-002, 3.61682475e-002, 5.93509786e-002,
       -3.07133272e-002, -9.27260816e-002, -5.39333038e-002,
       -2.28047906e-003, -9.81546342e-002, 1.13739654e-001,
       1.29003935e-002, -5.73822223e-002, -3.87819223e-002,
       3.69597413e-002, -1.27527406e-002, 4.46627438e-002,
       2.23780964e-002, -2.99006309e-002, 2.50700507e-002,
       1.72090735e-002, -1.00248061e-001, 3.81927774e-003,
       -3.81198376e-002, -6.41561449e-002, -7.40837902e-002,
       -1.64075531e-002, -1.40770040e-002, 8.88104513e-002,
       -6.13251850e-002, -2.63952147e-002, -3.64223942e-002,
       8.01320188e-003, -2.80423090e-002, 4.43082154e-002,
       7.45393708e-002, 2.02660263e-002, 4.50202152e-002,
       -3.25038470e-002, 7.38436729e-002, 1.38753317e-002,
       -1.81431752e-002, -3.53566185e-002, -8.91809389e-002,
       -8.08263421e-002, -4.83073927e-002, -2.44106702e-003,
       -5.04151396e-002, 5.19261025e-002, 5.00121973e-002,
       4.78091650e-003, -3.01142670e-002, 3.02473549e-002,
       -8.76284614e-002, 5.62075749e-002, 1.71381578e-001,
       -1.92203708e-002, -6.00235425e-002, 3.58179063e-002,
       -2.68936325e-002, -5.25570400e-002, -2.58344971e-002,
       -2.23925244e-003, -1.59537956e-001, -5.21995425e-002,
       -3.37978713e-002, -4.88598049e-002, -1.43577650e-001,
       -6.26886487e-002, 1.87664568e-001, 9.56996009e-002,
       9.18231159e-002, -3.00797615e-002, -1.23891845e-001,
       4.52055931e-002, 1.63422376e-001, -6.73128143e-002,
       8.18586200e-002, 4.09400761e-002, -2.38351524e-002,
       -9.88487154e-002, -1.93823591e-001, 5.41805737e-002,
       -1.02097075e-002, -8.41452740e-003, -1.19684175e-001,
       -9.86799076e-002, 9.06782877e-003, -8.68154690e-002,
       -5.90504222e-002, -7.63127506e-002, -5.61218746e-002,
       -3.29080690e-003, 1.07318416e-001, -5.00377826e-002,
       1.14881876e-003, 3.43191214e-002, 6.26779422e-002,
       -5.41351698e-002, 3.37683968e-002, -2.84388158e-002,
       -2.15763431e-002, 4.76886183e-002, -2.63173208e-002,
       -9.30740591e-003, 4.60206755e-002, -2.82461289e-002,
       1.23182330e-002, 2.79128440e-002, -1.38354331e-001,
       -6.12972789e-002, -4.20989729e-002, -2.13429518e-002,
       1.08077794e-001, -2.71079075e-002, -5.43288281e-003,
       2.05868799e-002, -1.71878338e-002, -2.36453526e-002,
       -2.11724415e-002, -1.29971160e-002, 4.66688126e-002,
       4.39988673e-002, -2.37628296e-002, 3.27347629e-002,
       2.64027230e-002, 2.87068426e-003, -2.58501992e-002,
       -1.39966635e-002, -4.87637706e-002, -2.06889841e-003,
       -1.92857515e-002, 9.49776545e-002, 1.17513828e-001,
       -8.04800633e-003, -3.76175828e-002, -2.70066299e-002,
       -1.31753251e-001, 6.49528876e-002, -1.22902989e-001,
       5.06637432e-002, -2.16244832e-002, 2.15524249e-002,
       3.35547552e-002, 6.14366531e-002, 6.76675290e-002,
       3.86561546e-003, -8.29853117e-002, -1.47300228e-001,
       -9.60742531e-004, 2.34656408e-002, 5.89821041e-002,
       1.24263093e-001, 9.63590592e-002, 4.85030469e-003,
       3.79527104e-003, 5.33777056e-003, -6.08964683e-003,
       6.66524004e-003, -2.57692244e-002, -1.83535889e-002,
       -1.83163397e-002, 7.22009048e-004, -2.24311799e-002,
       -2.68286802e-002, 1.23306038e-002, -1.08858934e-002,
       -5.36171086e-002, -4.00315830e-003, -2.60546599e-002,
       2.34435014e-002, 8.31524841e-003, -3.14827710e-002,
