%YAML:1.0
descriptors: !!opencv-matrix
   rows: 82
   cols: 50
   dt: f
   data: [ 0., 1.56250000e-002, 1.56250000e-002, 1.56250000e-002,
       3.12500000e-002, 0., 1.56250000e-002, 1.56250000e-002, 0., 0.,
       1.56250000e-002, 0., 4.68750000e-002, 0., 1.56250000e-002,
       3.12500000e-002, 7.81250000e-002, 1.56250000e-002, 0., 0., 0., 0.,
       4.68750000e-002, 0., 3.12500000e-002, 0., 3.12500000e-002,
       9.37500000e-002, 1.56250000e-002, 4.68750000e-002,
       1.56250000e-002, 1.56250000e-002, 1.56250000e-002, 0.,
       4.68750000e-002, 3.12500000e-002, 3.12500000e-002, 0.,
       1.56250000e-002, 1.56250000e-002, 1.56250000e-002,
       3.12500000e-002, 3.12500000e-002, 0., 0., 3.12500000e-002,
       1.56250000e-002, 1.56250000e-002, 4.68750000e-002,
       4.68750000e-002, 6.66666701e-002, 3.33333351e-002,
       1.11111114e-002, 0., 0., 1.11111114e-002, 2.22222228e-002,
       1.11111114e-002, 2.22222228e-002, 3.33333351e-002,
       2.22222228e-002, 1.11111114e-002, 1.11111114e-002,
       1.11111114e-002, 2.22222228e-002, 5.55555560e-002,
       2.22222228e-002, 2.22222228e-002, 5.55555560e-002,
       1.11111114e-002, 1.11111114e-002, 2.22222228e-002, 0.,
       1.11111114e-002, 1.11111114e-002, 1.11111114e-002, 0.,
       3.33333351e-002, 2.22222228e-002, 2.22222228e-002,
       5.55555560e-002, 1.11111114e-002, 0., 1.11111114e-002,
       4.44444455e-002, 0., 7.77777806e-002, 2.22222228e-002,
       1.11111114e-002, 1.11111114e-002, 1.11111114e-002,
       1.11111114e-002, 2.22222228e-002, 2.22222228e-002,
       3.33333351e-002, 1.11111114e-002, 1.11111114e-002,
       1.11111114e-002, 2.22222228e-002, 0., 2.38095261e-002,
       7.93650839e-003, 2.38095261e-002, 1.58730168e-002, 0.,
       7.93650839e-003, 0., 0., 2.38095261e-002, 3.96825410e-002,
       2.38095261e-002, 2.38095261e-002, 1.58730168e-002,
       7.93650839e-003, 3.96825410e-002, 7.93650839e-003,
       5.55555597e-002, 7.93650839e-003, 1.58730168e-002,
       1.58730168e-002, 0., 2.38095261e-002, 0., 7.93650839e-003,
       3.17460336e-002, 3.17460336e-002, 0., 3.17460336e-002,
       2.38095261e-002, 7.93650839e-003, 3.96825410e-002,
       2.38095261e-002, 3.96825410e-002, 1.58730168e-002,
       3.17460336e-002, 1.58730168e-002, 1.58730168e-002,
       1.58730168e-002, 2.38095261e-002, 3.17460336e-002, 0.,
       7.14285746e-002, 2.38095261e-002, 1.58730168e-002,
       1.58730168e-002, 2.38095261e-002, 0., 1.58730168e-002,
       4.76190522e-002, 1.58730168e-002, 2.72727273e-002,
       9.09090880e-003, 0., 4.54545431e-002, 1.81818176e-002,
       9.09090880e-003, 0., 9.09090880e-003, 0., 5.45454547e-002,
       2.72727273e-002, 2.72727273e-002, 4.54545431e-002, 0.,
       5.45454547e-002, 3.63636352e-002, 1.81818176e-002,
       1.81818176e-002, 3.63636352e-002, 0., 1.81818176e-002,
       1.81818176e-002, 1.81818176e-002, 9.09090880e-003,
       2.72727273e-002, 1.81818176e-002, 9.09090880e-003,
       1.09090909e-001, 9.09090880e-003, 2.72727273e-002,
       1.81818176e-002, 1.81818176e-002, 2.72727273e-002,
       9.09090880e-003, 3.63636352e-002, 1.81818176e-002,
       1.81818176e-002, 1.81818176e-002, 9.09090880e-003, 0., 0.,
       2.72727273e-002, 9.09090880e-003, 1.81818176e-002,
       9.09090880e-003, 9.09090880e-003, 1.81818176e-002,
       9.09090880e-003, 1.81818176e-002, 9.09090880e-003, 0., 0., 0., 0.,
       3.99999991e-002, 9.99999940e-002, 3.99999991e-002,
       1.99999996e-002, 0., 0., 1.99999996e-002, 0., 0., 9.99999940e-002,
       0., 1.99999996e-002, 0., 1.99999996e-002, 0., 0., 0.,
       1.99999996e-002, 7.99999982e-002, 0., 1.99999996e-002, 0., 0., 0.,
       1.99999996e-002, 0., 0., 0., 0., 0., 0., 0., 3.99999991e-002, 0.,
       0., 0., 3.99999991e-002, 0., 5.99999987e-002, 1.99999996e-002, 0.,
       0., 5.99999987e-002, 1.79999992e-001, 5.99999987e-002,
       3.99999991e-002, 0., 3.26086953e-002, 0., 3.26086953e-002,
       2.17391308e-002, 1.08695654e-002, 2.17391308e-002,
       3.26086953e-002, 1.08695654e-002, 2.17391308e-002,
       1.08695654e-002, 3.26086953e-002, 3.26086953e-002, 0.,
       1.08695654e-002, 1.08695654e-002, 5.43478280e-002,
       3.26086953e-002, 2.17391308e-002, 1.08695654e-002,
       1.08695654e-002, 3.26086953e-002, 1.08695654e-002,
       3.26086953e-002, 2.17391308e-002, 2.17391308e-002,
       2.17391308e-002, 3.26086953e-002, 0., 2.17391308e-002, 0.,
       1.08695654e-002, 3.26086953e-002, 0., 3.26086953e-002,
       1.08695654e-002, 1.08695654e-002, 2.17391308e-002,
       1.08695654e-002, 1.08695654e-002, 0., 5.43478280e-002, 0., 0.,
       4.34782617e-002, 3.26086953e-002, 1.08695654e-002,
       2.17391308e-002, 2.17391308e-002, 6.52173907e-002, 0.,
       1.04166670e-002, 5.20833358e-002, 1.04166670e-002,
       3.12500000e-002, 2.08333340e-002, 1.04166670e-002,
       1.04166670e-002, 6.25000000e-002, 2.08333340e-002, 0.,
       1.04166670e-002, 6.25000000e-002, 0., 0., 5.20833358e-002,
       3.12500000e-002, 1.04166670e-002, 4.16666679e-002, 0.,
       3.12500000e-002, 3.12500000e-002, 0., 1.04166670e-002,
       2.08333340e-002, 1.04166670e-002, 1.04166670e-002,
       1.04166670e-002, 4.16666679e-002, 6.25000000e-002,
       9.37500000e-002, 2.08333340e-002, 2.08333340e-002,
       1.04166670e-002, 1.04166670e-002, 0., 0., 0., 1.04166670e-002,
       3.12500000e-002, 1.04166670e-002, 3.12500000e-002,
       1.04166670e-002, 4.16666679e-002, 1.04166670e-002, 0.,
       1.04166670e-002, 0., 2.08333340e-002, 0., 3.33333351e-002, 0.,
       1.66666675e-002, 0., 3.33333351e-002, 1.66666675e-002, 0.,
       1.66666675e-002, 0., 0., 0., 1.66666675e-002, 1.66666675e-002,
       3.33333351e-002, 3.33333351e-002, 6.66666701e-002,
       1.66666675e-002, 1.66666675e-002, 5.00000045e-002,
       3.33333351e-002, 0., 5.00000045e-002, 1.66666675e-002,
       1.66666675e-002, 1.66666675e-002, 5.00000045e-002,
       1.66666675e-002, 1.66666675e-002, 1.66666675e-002, 0.,
       1.66666675e-002, 1.66666675e-002, 5.00000045e-002,
       3.33333351e-002, 0., 1.66666675e-002, 3.33333351e-002, 0.,
       1.66666675e-002, 0., 1.66666675e-002, 5.00000045e-002,
       3.33333351e-002, 0., 0., 0., 3.33333351e-002, 1.66666675e-002,
       1.66666675e-002, 5.00000045e-002, 2.75229346e-002,
       9.17431153e-003, 2.75229346e-002, 0., 1.83486231e-002,
       1.83486231e-002, 9.17431153e-003, 3.66972461e-002, 0.,
       9.17431153e-003, 9.17431153e-003, 9.17431153e-003,
       2.75229346e-002, 9.17431153e-003, 2.75229346e-002,
       9.17431153e-003, 3.66972461e-002, 9.17431153e-003,
       9.17431153e-003, 1.83486231e-002, 1.83486231e-002, 0.,
       1.83486231e-002, 3.66972461e-002, 2.75229346e-002,
       9.17431153e-003, 2.75229346e-002, 2.75229346e-002,
       1.83486231e-002, 9.17431116e-002, 1.83486231e-002,
       1.83486231e-002, 1.83486231e-002, 0., 1.83486231e-002,
       3.66972461e-002, 2.75229346e-002, 0., 9.17431153e-003,
       9.17431153e-003, 9.17431153e-003, 3.66972461e-002,
       2.75229346e-002, 1.83486231e-002, 5.50458692e-002,
       1.83486231e-002, 0., 9.17431153e-003, 3.66972461e-002,
       3.66972461e-002, 0., 1.06666669e-001, 2.66666673e-002,
       1.33333337e-002, 0., 0., 1.33333337e-002, 1.33333337e-002, 0., 0.,
       1.33333337e-002, 0., 2.66666673e-002, 0., 1.33333337e-002,
       1.33333337e-002, 5.33333346e-002, 0., 0., 1.33333337e-002, 0.,
       1.33333337e-002, 0., 2.66666673e-002, 3.99999991e-002,
       5.33333346e-002, 0., 2.66666673e-002, 5.33333346e-002,
       5.33333346e-002, 3.99999991e-002, 0., 3.99999991e-002,
       2.66666673e-002, 2.66666673e-002, 3.99999991e-002,
       5.33333346e-002, 1.33333337e-002, 0., 0., 0., 2.66666673e-002, 0.,
       5.33333346e-002, 2.66666673e-002, 1.33333337e-002, 0.,
       2.66666673e-002, 0., 3.99999991e-002, 0., 1.99999996e-002, 0., 0.,
       5.99999987e-002, 3.99999991e-002, 0., 1.99999996e-002,
       1.99999996e-002, 1.99999996e-002, 0., 0., 0., 1.99999996e-002,
